 1.00782503207(10)
 2.0141017778(4)
 3.0160492777(25)
 4.02781(11)
 5.03531(11)
 6.04494(28)
 7.05275(108)#
 3.0160293191(26)
 4.00260325415(6)
 5.012220(50)
 6.0188891(8)
 7.028021(18)
 8.033922(7)
 9.043950(30)
 10.052400(80)
 3.03078(215)#
 4.02719(23)
 5.012540(50)
 6.015122795(16)
 7.01600455(8)
 8.02248736(10)
 9.0267895(21)
 10.035481(16)
 11.043798(21)
 12.05378(107)#
 5.04079(429)#
 6.019726(6)
 7.01692983(11)
 8.00530510(4)
 9.0121822(4)
 10.0135338(4)
 11.021658(7)
 12.026921(16)
 13.035690(80)
 14.04289(14)
 15.05346(54)#
 16.06192(54)#
 6.04681(75)#
 7.029920(80)
 8.0246072(11)
 9.0133288(11)
 10.0129370(4)
 11.0093054(4)
 12.0143521(15)
 13.0177802(12)
 14.025404(23)
 15.031103(24)
 16.039810(60)
 17.04699(18)
 18.05617(86)#
 19.06373(43)#
 8.037675(25)
 9.0310367(23)
 10.0168532(4)
 11.0114336(10)
 12.0000000(0)
 13.0033548378(10)
 14.003241989(4)
 15.0105993(9)
 16.014701(4)
 17.022586(19)
 18.026760(30)
 19.03481(11)
 20.04032(26)
 21.04934(54)#
 22.05720(97)#
 10.04165(43)
 11.026090(50)
 12.0186132(11)
 13.00573861(29)
 14.0030740048(6)
 15.0001088982(7)
 16.0061017(28)
 17.008450(16)
 18.014079(20)
 19.017029(18)
 20.023370(60)
 21.02711(10)
 22.03439(21)
 23.04122(32)#
 24.05104(43)#
 25.06066(54)#
 12.034405(20)
 13.024812(10)
 14.00859625(12)
 15.0030656(5)
 15.99491461956(16)
 16.99913170(12)
 17.9991610(7)
 19.003580(3)
 20.0040767(12)
 21.008656(13)
 22.009970(60)
 23.01569(13)
 24.02047(25)
 25.02946(28)#
 26.03834(28)#
 27.04826(54)#
 28.05781(64)#
 14.03506(43)#
 15.01801(14)
 16.011466(9)
 17.00209524(27)
 18.0009380(6)
 18.99840322(7)
 19.99998132(8)
 20.9999490(19)
 22.002999(13)
 23.003570(90)
 24.008120(80)
 25.01210(11)
 26.01962(18)
 27.02676(40)
 28.03567(55)#
 29.04326(62)#
 30.05250(64)#
 31.06043(64)#
 16.025761(22)
 17.017672(29)
 18.0057082(3)
 19.0018802(3)
 19.9924401754(19)
 20.99384668(4)
 21.991385114(19)
 22.99446690(11)
 23.9936108(4)
 24.997737(28)
 26.000461(29)
 27.00759(12)
 28.01207(16)
 29.01939(29)
 30.02480(61)
 31.03311(97)#
 32.04002(86)#
 33.04938(86)#
 34.05703(87)#
 18.025970(50)
 19.013877(13)
 20.007351(7)
 20.9976552(8)
 21.9944364(4)
 22.9897692809(29)
 23.99096278(8)
 24.9899540(13)
 25.992633(6)
 26.994077(4)
 27.998938(14)
 29.002861(14)
 30.008976(27)
 31.01359(23)
 32.02047(38)
 33.02672(94)
 34.03517(96)#
 35.04249(102)#
 36.05148(102)#
 37.05934(103)#
 19.03547(27)
 20.018863(29)
 21.011713(18)
 21.9995738(14)
 22.9941237(14)
 23.985041700(14)
 24.98583692(3)
 25.982592929(30)
 26.98434059(5)
 27.9838768(22)
 28.988600(15)
 29.990434(9)
 30.996546(13)
 31.998975(19)
 33.005254(21)
 34.00946(25)
 35.01734(43)#
 36.02300(54)#
 37.03140(97)#
 38.03757(54)#
 39.04677(55)#
 40.05393(97)#
 21.02804(32)#
 22.01952(10)#
 23.007267(20)
 23.9999389(30)
 24.9904281(5)
 25.98689169(6)
 26.98153863(12)
 27.98191031(14)
 28.9804450(13)
 29.982960(15)
 30.983947(22)
 31.988120(90)
 32.990840(80)
 33.99685(12)
 34.99986(19)
 36.00621(23)
 37.01068(36)
 38.01723(78)
 39.02297(158)
 40.03145(75)#
 41.03833(86)#
 42.04689(97)#
 22.03453(22)#
 23.02552(21)#
 24.011546(21)
 25.004106(11)
 25.992330(3)
 26.98670491(16)
 27.9769265325(19)
 28.976494700(22)
 29.97377017(3)
 30.97536323(4)
 31.97414808(5)
 32.978000(17)
 33.978576(15)
 34.984580(40)
 35.98660(13)
 36.99294(18)
 37.99563(15)
 39.00207(36)
 40.00587(60)
 41.01456(198)
 42.01979(54)#
 43.02866(75)#
 44.03526(86)#
 24.03435(54)#
 25.02026(21)#
 26.01178(21)#
 26.999230(28)
 27.992315(4)
 28.9818006(6)
 29.9783138(3)
 30.97376163(20)
 31.97390727(20)
 32.9717255(12)
 33.973636(5)
 34.9733141(20)
 35.978260(14)
 36.979610(40)
 37.98416(11)
 38.98618(11)
 39.99130(15)
 40.99434(23)
 42.00101(48)
 43.00619(104)
 44.01299(75)#
 45.01922(86)#
 46.02738(97)#
 26.02788(32)#
 27.01883(22)#
 28.00437(17)
 28.996610(50)
 29.984903(3)
 30.9795547(16)
 31.97207100(15)
 32.97145876(15)
 33.96786690(12)
 34.96903216(11)
 35.96708076(20)
 36.97112557(21)
 37.971163(8)
 38.975130(50)
 39.97545(15)
 40.97958(13)
 41.98102(13)
 42.98715(22)
 43.99021(42)
 44.99651(187)
 46.00075(75)#
 47.00859(86)#
 48.01417(97)#
 49.02362(102)#
 28.02851(54)#
 29.01411(21)#
 30.00477(21)#
 30.992410(50)
 31.985690(7)
 32.9774519(5)
 33.97376282(19)
 34.96885268(4)
 35.96830698(8)
 36.96590259(5)
 37.96801043(10)
 38.9680082(19)
 39.970420(30)
 40.970680(70)
 41.97325(15)
 42.97405(17)
 43.97828(12)
 44.98029(13)
 45.98421(77)
 46.98871(64)#
 47.99495(75)#
 49.00032(86)#
 50.00784(97)#
 51.01449(107)#
 30.02156(32)#
 31.01212(22)#
 31.9976380(19)
 32.9899257(5)
 33.9802712(4)
 34.9752576(8)
 35.967545106(29)
 36.96677632(22)
 37.9627324(4)
 38.964313(5)
 39.9623831225(29)
 40.9645006(4)
 41.963046(6)
 42.965636(6)
 43.9649240(17)
 44.9680400(6)
 45.968090(40)
 46.97219(11)
 47.97454(32)#
 48.98052(54)#
 49.98443(75)#
 50.99163(75)#
 51.99678(97)#
 53.00494(107)#
 32.02192(54)#
 33.00726(21)#
 33.99841(32)#
 34.988010(21)
 35.981292(8)
 36.97337589(10)
 37.9690812(5)
 38.96370668(20)
 39.96399848(21)
 40.96182576(21)
 41.96240281(24)
 42.960716(10)
 43.961560(40)
 44.960699(11)
 45.961977(17)
 46.961678(9)
 47.965514(26)
 48.967450(80)
 49.97278(30)
 50.97638(54)#
 51.98261(75)#
 52.98712(75)#
 53.99420(97)#
 54.99971(107)#
 34.01412(32)#
 35.00494(21)#
 35.993090(40)
 36.985870(24)
 37.976318(5)
 38.9707197(20)
 39.96259098(22)
 40.96227806(26)
 41.95861801(27)
 42.9587666(3)
 43.9554818(4)
 44.9561866(4)
 45.9536926(24)
 46.9545460(24)
 47.952534(4)
 48.955674(4)
 49.957519(10)
 50.96150(10)
 51.96510(75)
 52.97005(54)#
 53.97435(75)#
 54.98055(75)#
 55.98557(97)#
 56.99236(107)#
 36.01492(54)#
 37.00305(32)#
 37.99470(32)#
 38.984790(26)
 39.977967(3)
 40.96925113(24)
 41.96551643(29)
 42.9611507(20)
 43.9594028(19)
 44.9559119(9)
 45.9551719(9)
 46.9524075(22)
 47.952231(6)
 48.950024(4)
 49.952188(17)
 50.953603(22)
 51.95668(21)
 52.95961(32)#
 53.96326(40)
 54.96824(79)
 55.97287(75)#
 56.97779(75)#
 57.98371(86)#
 58.98922(97)#
 59.99571(97)#
 38.00977(27)#
 39.00161(22)#
 39.99050(17)
 40.98315(11)#
 41.973031(6)
 42.968522(7)
 43.9596901(8)
 44.9581256(11)
 45.9526316(9)
 46.9517631(9)
 47.9479463(9)
 48.9478700(9)
 49.9447912(9)
 50.9466150(10)
 51.946897(8)
 52.94973(11)
 53.95105(13)
 54.95527(16)
 55.95820(21)
 56.96399(49)
 57.96697(75)#
 58.97293(75)#
 59.97676(86)#
 60.98320(97)#
 61.98749(97)#
 62.99442(107)#
 40.01109(54)#
 40.99978(22)#
 41.99123(21)#
 42.98065(25)#
 43.97411(13)
 44.965776(18)
 45.9602005(11)
 46.9549089(9)
 47.9522537(27)
 48.9485161(12)
 49.9471585(11)
 50.9439595(11)
 51.9447755(11)
 52.944338(3)
 53.946440(16)
 54.94723(11)
 55.95053(22)
 56.95256(25)
 57.95683(27)
 58.96021(33)
 59.96503(51)
 60.96848(43)#
 61.97378(54)#
 62.97755(64)#
 63.98347(75)#
 64.98792(86)#
 42.00643(32)#
 42.99771(24)#
 43.985550(50)#
 44.97964(54)
 45.968359(21)
 46.962900(15)
 47.954032(8)
 48.9513357(26)
 49.9460442(11)
 50.9447674(11)
 51.9405075(8)
 52.9406494(8)
 53.9388804(8)
 54.9408397(8)
 55.9406531(20)
 56.9436130(20)
 57.94435(22)
 58.94859(26)
 59.95008(23)
 60.95472(27)
 61.95661(36)
 62.96186(32)#
 63.96441(43)#
 64.97016(54)#
 65.97338(64)#
 66.97955(75)#
 44.00687(54)#
 44.99451(32)#
 45.98672(12)#
 46.97610(17)#
 47.96852(12)
 48.959618(26)
 49.9542382(11)
 50.9482108(11)
 51.9455655(21)
 52.9412901(9)
 53.9403589(14)
 54.9380451(7)
 55.9389049(7)
 56.9382854(20)
 57.939980(30)
 58.940440(30)
 59.942910(90)
 60.94465(24)
 61.94843(24)
 62.95024(28)
 63.95425(29)
 64.95634(58)
 65.96108(43)#
 66.96414(54)#
 67.96930(64)#
 68.97284(86)#
 45.01458(24)#
 46.00081(38)#
 46.99289(28)#
 47.980500(80)#
 48.97361(16)#
 49.962990(60)
 50.956820(16)
 51.948114(7)
 52.9453079(19)
 53.9396105(7)
 54.9382934(7)
 55.9349375(7)
 56.9353940(7)
 57.9332756(8)
 58.9348755(8)
 59.934072(4)
 60.936745(21)
 61.936767(16)
 62.94037(18)
 63.94120(30)
 64.94538(26)
 65.94678(32)
 66.95095(45)
 67.95370(75)
 68.95878(54)#
 69.96146(64)#
 70.96672(86)#
 71.96962(86)#
 47.01149(54)#
 48.00176(43)#
 48.98972(28)#
 49.98154(18)#
 50.97072(16)#
 51.963590(70)#
 52.954219(19)
 53.9484596(8)
 54.9419990(8)
 55.9398393(23)
 56.9362914(8)
 57.9357528(13)
 58.9331950(7)
 59.9338171(7)
 60.9324758(10)
 61.934051(21)
 62.933612(21)
 63.935810(21)
 64.936478(14)
 65.93976(27)
 66.94089(34)
 67.94487(34)
 68.94632(36)
 69.95100(90)
 70.95290(90)
 71.95781(64)#
 72.96024(75)#
 73.96538(86)#
 74.96833(86)#
 48.01975(54)#
 49.00966(43)#
 49.99593(28)#
 50.98772(28)#
 51.975680(90)#
 52.96847(17)#
 53.957910(50)
 54.951330(12)
 55.942132(12)
 56.9397935(19)
 57.9353429(7)
 58.9343467(7)
 59.9307864(7)
 60.9310560(7)
 61.9283451(6)
 62.9296694(6)
 63.9279660(7)
 64.9300843(7)
 65.9291393(15)
 66.931569(3)
 67.931869(3)
 68.935610(4)
 69.93650(37)
 70.94074(40)
 71.94209(47)
 72.94647(32)#
 73.94807(43)#
 74.95287(43)#
 75.95533(97)#
 76.96055(54)#
 77.96318(118)#
 51.99718(28)#
 52.98555(28)#
 53.97671(23)#
 54.96605(32)#
 55.95856(15)#
 56.949211(17)
 57.9445385(17)
 58.9394980(8)
 59.9373650(18)
 60.9334578(11)
 61.932584(4)
 62.9295975(6)
 63.9297642(6)
 64.9277895(7)
 65.9288688(7)
 66.9277303(13)
 67.9296109(17)
 68.9294293(15)
 69.9323923(17)
 70.9326768(16)
 71.9358203(15)
 72.936675(4)
 73.939875(7)
 74.94190(105)
 75.945275(7)
 76.94785(43)#
 77.95196(43)#
 78.95456(54)#
 79.96087(64)#
 53.99295(43)#
 54.98398(27)#
 55.97238(28)#
 56.96479(11)#
 57.954590(50)
 58.949260(40)
 59.941827(11)
 60.939511(17)
 61.934330(11)
 62.9332116(17)
 63.9291422(7)
 64.9292410(7)
 65.9260334(10)
 66.9271273(10)
 67.9248442(10)
 68.9265503(10)
 69.9253193(21)
 70.927722(11)
 71.926858(7)
 72.929780(40)
 73.929460(50)
 74.932940(80)
 75.933290(90)
 76.93696(13)
 77.93844(10)
 78.94265(28)#
 79.94434(18)
 80.95048(32)#
 81.95442(54)#
 82.96103(54)#
 55.99491(28)#
 56.98293(28)#
 57.97425(23)#
 58.96337(18)#
 59.95706(12)#
 60.949450(60)
 61.944175(30)
 62.9392942(14)
 63.9368387(22)
 64.9327348(9)
 65.931589(3)
 66.9282017(14)
 67.9279801(16)
 68.9255736(13)
 69.9260220(13)
 70.9247013(11)
 71.9263663(11)
 72.9251747(18)
 73.926946(4)
 74.9265002(26)
 75.9288276(21)
 76.9291543(26)
 77.9316082(26)
 78.93289(11)
 79.93652(13)
 80.93775(21)
 81.94299(32)#
 82.94698(32)#
 83.95265(43)#
 84.95700(54)#
 85.96312(86)#
 57.99101(34)#
 58.98175(30)#
 59.97019(25)#
 60.96379(32)#
 61.95465(15)#
 62.94964(21)#
 63.941650(30)
 64.93944(11)
 65.933840(30)
 66.932734(5)
 67.928094(7)
 68.9279645(14)
 69.9242474(11)
 70.9249510(11)
 71.9220758(18)
 72.9234589(18)
 73.9211778(18)
 74.9228589(18)
 75.9214026(18)
 76.9235486(18)
 77.922853(4)
 78.92540(10)
 79.925370(30)
 80.92882(13)
 81.92955(26)
 82.93462(21)#
 83.93747(32)#
 84.94303(43)#
 85.94649(54)#
 86.95251(54)#
 87.95691(75)#
 88.96383(97)#
 59.99313(64)#
 60.98062(64)#
 61.97320(32)#
 62.96369(54)#
 63.95757(38)#
 64.94956(32)#
 65.94471(73)
 66.93919(11)
 67.936770(50)
 68.932270(30)
 69.930920(50)
 70.927112(5)
 71.926752(5)
 72.923825(4)
 73.9239287(25)
 74.9215965(20)
 75.9223940(20)
 76.9206473(25)
 77.921827(11)
 78.920948(6)
 79.922534(25)
 80.922132(6)
 81.92450(21)
 82.92498(24)
 83.92906(32)#
 84.93202(21)#
 85.93650(32)#
 86.93990(32)#
 87.94494(54)#
 88.94939(54)#
 89.95550(86)#
 90.96043(97)#
 91.96680(97)#
 64.96466(64)#
 65.95521(32)#
 66.95009(21)#
 67.941800(40)
 68.939560(40)
 69.933390(70)
 70.932240(30)
 71.927112(13)
 72.926765(11)
 73.9224764(18)
 74.9225234(18)
 75.9192136(18)
 76.9199140(18)
 77.9173091(18)
 78.9184991(18)
 79.9165213(21)
 80.9179925(22)
 81.9166994(22)
 82.919118(4)
 83.918462(16)
 84.922250(30)
 85.924272(17)
 86.928520(40)
 87.931420(50)
 88.93645(32)#
 89.93996(43)#
 90.94596(54)#
 91.94992(64)#
 92.95629(86)#
 93.96049(86)#
 66.96479(54)#
 67.95852(38)#
 68.95011(11)#
 69.94479(33)#
 70.93874(61)
 71.936640(60)
 72.931690(50)
 73.929891(16)
 74.925776(15)
 75.924541(10)
 76.921379(3)
 77.921146(4)
 78.9183371(22)
 79.9185293(22)
 80.9162906(21)
 81.9168041(21)
 82.915180(5)
 83.916479(16)
 84.915608(21)
 85.918798(12)
 86.920711(19)
 87.924070(40)
 88.926390(60)
 89.930630(80)
 90.933970(80)
 91.939260(50)
 92.94305(32)#
 93.94868(43)#
 94.95287(54)#
 95.95853(75)#
 96.96280(86)#
 68.96518(43)#
 69.95526(41)#
 70.94963(70)
 71.942092(9)
 72.939289(7)
 73.9330844(22)
 74.930946(9)
 75.925910(4)
 76.9246700(21)
 77.9203648(12)
 78.920082(4)
 79.9163790(16)
 80.9165920(21)
 81.9134836(19)
 82.914136(3)
 83.911507(3)
 84.9125273(21)
 85.91061073(11)
 86.91335486(29)
 87.914447(14)
 88.917630(60)
 89.919517(20)
 90.923450(60)
 91.926156(13)
 92.93127(11)
 93.93436(32)#
 94.93984(43)#
 95.94307(54)#
 96.94856(54)#
 97.95191(64)#
 98.95760(64)#
 99.96114(54)#
 70.96532(54)#
 71.95908(54)#
 72.95056(16)#
 73.944265(4)
 74.938570(8)
 75.9350722(20)
 76.930408(8)
 77.928141(8)
 78.923989(6)
 79.922519(7)
 80.918996(6)
 81.9182086(30)
 82.915110(6)
 83.914385(3)
 84.911789738(12)
 85.91116742(21)
 86.909180527(13)
 87.91131559(17)
 88.912278(6)
 89.914802(7)
 90.916537(9)
 91.919729(7)
 92.922042(8)
 93.926405(9)
 94.929303(23)
 95.934270(30)
 96.937350(30)
 97.941790(50)
 98.94538(13)
 99.94987(32)#
 100.95320(18)
 101.95887(54)#
 72.96597(64)#
 73.95631(54)#
 74.94995(24)
 75.941770(40)
 76.937945(10)
 77.932180(8)
 78.929708(9)
 79.924521(7)
 80.923212(7)
 81.918402(6)
 82.917557(11)
 83.913425(3)
 84.912933(3)
 85.9092602(12)
 86.9088771(12)
 87.9056121(12)
 88.9074507(12)
 89.907738(3)
 90.910203(5)
 91.911038(4)
 92.914026(8)
 93.915361(8)
 94.919359(8)
 95.921697(29)
 96.926153(21)
 97.928453(28)
 98.933240(90)
 99.93535(14)
 100.94052(13)
 101.94302(12)
 102.94895(54)#
 103.95233(75)#
 104.95858(75)#
 75.95845(54)#
 76.949650(70)#
 77.94361(43)#
 78.93735(48)
 79.93428(19)
 80.929130(70)
 81.92679(11)
 82.922350(50)
 83.92039(10)
 84.916433(20)
 85.914886(15)
 86.9108757(17)
 87.9095011(20)
 88.9058483(27)
 89.9071519(27)
 90.907305(3)
 91.908949(10)
 92.909583(11)
 93.911595(8)
 94.912821(8)
 95.915891(25)
 96.918134(13)
 97.922203(26)
 98.924636(26)
 99.927760(80)
 100.93031(10)
 101.933560(90)
 102.93673(32)#
 103.94105(43)#
 104.94487(54)#
 105.94979(75)#
 106.95414(54)#
 107.95948(86)#
 77.95523(54)#
 78.94916(43)#
 79.94040(160)
 80.93721(18)
 81.93109(24)#
 82.92865(10)
 83.92325(21)#
 84.92147(11)
 85.916470(30)
 86.914816(9)
 87.910227(11)
 88.908890(4)
 89.9047044(25)
 90.9056458(25)
 91.9050408(25)
 92.9064760(25)
 93.9063152(26)
 94.9080426(26)
 95.9082734(30)
 96.9109531(30)
 97.912735(21)
 98.916512(22)
 99.917760(40)
 100.921140(30)
 101.922980(50)
 102.92660(12)
 103.92878(43)#
 104.93305(43)#
 105.93591(54)#
 106.94075(32)#
 107.94396(64)#
 108.94924(54)#
 109.95287(86)#
 80.94903(161)#
 81.94313(32)#
 82.93671(34)
 83.93357(32)#
 84.92791(24)
 85.925040(90)
 86.920360(70)
 87.91833(11)
 88.913418(29)
 89.911265(5)
 90.906996(4)
 91.907194(3)
 92.9063781(26)
 93.9072839(26)
 94.9068358(21)
 95.908101(4)
 96.9080986(27)
 97.910328(6)
 98.911618(14)
 99.914182(28)
 100.915252(20)
 101.918040(40)
 102.919140(70)
 103.92246(11)
 104.92394(11)
 105.92797(21)#
 106.93031(43)#
 107.93484(32)#
 108.93763(54)#
 109.94244(54)#
 110.94565(54)#
 111.95083(75)#
 112.95470(86)#
 82.94874(54)#
 83.94009(43)#
 84.93655(30)#
 85.93070(47)
 86.92733(24)
 87.921953(22)
 88.919480(17)
 89.913937(7)
 90.911750(12)
 91.906811(4)
 92.906813(4)
 93.9050883(21)
 94.9058421(21)
 95.9046795(21)
 96.9060215(21)
 97.9054082(21)
 98.9077119(21)
 99.907477(6)
 100.910347(6)
 101.910297(22)
 102.913210(70)
 103.913760(60)
 104.916970(80)
 105.918137(19)
 106.92169(17)
 107.92345(21)#
 108.92781(32)#
 109.92973(43)#
 110.93441(43)#
 111.93684(64)#
 112.94188(64)#
 113.94492(75)#
 114.95029(86)#
 84.94883(43)#
 85.94288(32)#
 86.93653(32)#
 87.93268(22)#
 88.92717(22)#
 89.92356(26)
 90.91843(22)
 91.915260(28)
 92.910249(4)
 93.909657(5)
 94.907657(6)
 95.907871(6)
 96.906365(5)
 97.907216(4)
 98.9062547(21)
 99.9076578(24)
 100.907315(26)
 101.909215(10)
 102.909181(11)
 103.911450(50)
 104.911660(60)
 105.914358(14)
 106.91508(16)
 107.91846(14)
 108.91998(10)
 109.923820(80)
 110.92569(12)
 111.92915(13)
 112.93159(32)#
 113.93588(64)#
 114.93869(75)#
 115.94337(75)#
 116.94648(75)#
 117.95148(97)#
 86.94918(64)#
 87.94026(43)#
 88.93611(54)#
 89.92989(32)#
 90.92629(63)#
 91.92012(32)#
 92.917050(90)
 93.911360(14)
 94.910413(13)
 95.907598(8)
 96.907555(9)
 97.905287(7)
 98.9059393(22)
 99.9042195(22)
 100.9055821(22)
 101.9043493(22)
 102.9063238(22)
 103.905433(3)
 104.907753(3)
 105.907329(8)
 106.90991(13)
 107.91017(12)
 108.913200(70)
 109.914140(60)
 110.917700(80)
 111.918970(80)
 112.922490(80)
 113.92428(25)#
 114.92869(14)
 115.93081(75)#
 116.93558(75)#
 117.93782(86)#
 118.94284(75)#
 119.94531(86)#
 88.94884(48)#
 89.94287(54)#
 90.93655(43)#
 91.93198(43)#
 92.92574(43)#
 93.92170(48)#
 94.91590(16)
 95.914461(14)
 96.911340(40)
 97.910708(13)
 98.908132(8)
 99.908122(20)
 100.906164(18)
 101.906843(5)
 102.905504(3)
 103.906656(3)
 104.905694(4)
 105.907287(8)
 106.906748(13)
 107.90873(11)
 108.908737(13)
 109.911140(50)
 110.911590(30)
 111.914390(60)
 112.915530(50)
 113.91881(12)
 114.920330(90)
 115.92406(15)
 116.92598(54)#
 117.93007(54)#
 118.93211(64)#
 119.93641(64)#
 120.93872(97)#
 121.94321(75)#
 90.94911(61)#
 91.94042(54)#
 92.93591(43)#
 93.92877(43)#
 94.92469(43)#
 95.91816(16)
 96.91648(32)
 97.912721(23)
 98.911768(16)
 99.908506(12)
 100.908289(19)
 101.905609(3)
 102.906087(3)
 103.904036(4)
 104.905085(4)
 105.903486(4)
 106.905133(4)
 107.903892(4)
 108.905950(4)
 109.905153(12)
 110.907671(12)
 111.907314(19)
 112.910150(40)
 113.910363(25)
 114.913680(70)
 115.914160(60)
 116.917840(60)
 117.91898(23)
 118.92311(32)#
 119.92469(13)
 120.92887(54)#
 121.93055(43)#
 122.93493(64)#
 123.93688(54)#
 92.94978(64)#
 93.94278(54)#
 94.93548(43)#
 95.93068(43)#
 96.92397(35)
 97.921570(70)
 98.91760(16)
 99.916100(80)
 100.91280(11)
 101.911690(30)
 102.908973(18)
 103.908629(6)
 104.906529(12)
 105.906669(5)
 106.905097(5)
 107.905956(5)
 108.904752(3)
 109.906107(3)
 110.905291(3)
 111.907005(18)
 112.906567(18)
 113.908804(27)
 114.908760(40)
 115.911360(50)
 116.911680(50)
 117.914580(70)
 118.91567(10)
 119.918790(80)
 120.91985(16)
 121.92353(22)#
 122.92490(22)#
 123.92864(21)#
 124.93043(32)#
 125.93450(32)#
 126.93677(32)#
 127.94117(32)#
 128.94369(43)#
 129.95045(36)#
 94.94987(64)#
 95.93977(54)#
 96.93494(43)#
 97.927400(80)
 98.92501(22)#
 99.92029(10)
 100.91868(16)
 101.914460(30)
 102.913419(17)
 103.909849(10)
 104.909468(12)
 105.906459(6)
 106.906618(6)
 107.904184(6)
 108.904982(4)
 109.9030021(29)
 110.9041781(29)
 111.9027578(29)
 112.9044017(29)
 113.9033585(29)
 114.9054310(29)
 115.904756(3)
 116.907219(4)
 117.906915(22)
 118.909920(90)
 119.909850(20)
 120.912980(90)
 121.913330(50)
 122.917000(40)
 123.917650(70)
 124.921250(70)
 125.922350(60)
 126.926440(80)
 127.92776(32)
 128.93215(32)#
 129.93390(30)
 130.94067(32)#
 131.94555(54)#
 96.94954(64)#
 97.94214(21)#
 98.93422(43)#
 99.93111(27)
 100.92634(32)#
 101.92409(12)
 102.919914(27)
 103.918300(90)
 104.914674(19)
 105.913465(13)
 106.910295(12)
 107.909698(10)
 108.907151(6)
 109.907165(13)
 110.905103(5)
 111.905532(6)
 112.904058(3)
 113.904914(3)
 114.903878(5)
 115.905260(5)
 116.904514(6)
 117.906354(9)
 118.905845(8)
 119.907960(40)
 120.907846(29)
 121.910280(50)
 122.910438(26)
 123.913180(50)
 124.913600(30)
 125.916460(40)
 126.917350(40)
 127.920170(50)
 128.921700(50)
 129.924970(40)
 130.926850(30)
 131.932990(70)
 132.93781(32)#
 133.94415(43)#
 134.94933(54)#
 98.94933(64)#
 99.93904(76)
 100.93606(32)#
 101.93030(14)
 102.92810(32)#
 103.92314(11)
 104.921350(90)
 105.916880(50)
 106.915640(90)
 107.911925(21)
 108.911283(11)
 109.907843(15)
 110.907734(7)
 111.904818(5)
 112.905171(4)
 113.902779(3)
 114.903342(3)
 115.901741(3)
 116.902952(3)
 117.901603(3)
 118.903308(3)
 119.9021947(27)
 120.9042355(27)
 121.9034390(29)
 122.9057208(29)
 123.9052739(15)
 124.9077841(16)
 125.907653(11)
 126.910360(26)
 127.910537(29)
 128.913480(30)
 129.913967(11)
 130.917000(23)
 131.917816(15)
 132.923830(40)
 133.92829(11)
 134.93473(43)#
 135.93934(54)#
 136.94599(64)#
 102.93969(32)#
 103.93647(39)#
 104.93149(11)
 105.92879(34)#
 106.92415(32)#
 107.92216(22)#
 108.918132(20)
 109.91675(22)#
 110.913160(30)
 111.912398(19)
 112.909372(19)
 113.909270(30)
 114.906598(17)
 115.906794(6)
 116.904836(10)
 117.905529(4)
 118.903942(9)
 119.905072(8)
 120.9038157(24)
 121.9051737(24)
 122.9042140(22)
 123.9059357(22)
 124.9052538(28)
 125.907250(30)
 126.906924(6)
 127.909169(27)
 128.909148(23)
 129.911656(18)
 130.911982(22)
 131.914467(15)
 132.915252(27)
 133.920380(50)
 134.92517(11)
 135.93035(32)#
 136.93531(43)#
 137.94079(32)#
 138.94598(54)#
 104.94364(54)#
 105.93750(14)
 106.93501(32)#
 107.92944(11)
 108.927420(70)
 109.922410(60)
 110.921110(80)
 111.91701(18)
 112.915890(30)
 113.912090(30)
 114.911900(30)
 115.908460(30)
 116.908645(14)
 117.905828(16)
 118.906404(9)
 119.904020(10)
 120.904936(28)
 121.9030439(16)
 122.9042700(16)
 123.9028179(16)
 124.9044307(16)
 125.9033117(16)
 126.9052263(16)
 127.9044631(19)
 128.9065982(19)
 129.9062244(21)
 130.9085239(21)
 131.908553(7)
 132.910955(26)
 133.911369(11)
 134.91645(10)
 135.920100(50)
 136.92532(13)
 137.92922(22)#
 138.93473(43)#
 139.93885(32)#
 140.94465(43)#
 141.94908(64)#
 107.94348(39)#
 108.93815(11)
 109.93524(33)#
 110.93028(32)#
 111.92797(23)#
 112.923640(60)
 113.92185(32)#
 114.918050(30)
 115.91681(10)
 116.913650(30)
 117.913074(21)
 118.910070(30)
 119.910048(19)
 120.907367(11)
 121.907589(6)
 122.905589(4)
 123.9062099(25)
 124.9046302(16)
 125.905624(4)
 126.904473(4)
 127.905809(4)
 128.904988(3)
 129.906674(3)
 130.9061246(12)
 131.907997(6)
 132.907797(5)
 133.909744(9)
 134.910048(8)
 135.914650(50)
 136.917871(30)
 137.922350(90)
 138.926100(30)
 139.93100(21)#
 140.93503(21)#
 141.94018(43)#
 142.94456(43)#
 143.94999(54)#
 109.94428(14)
 110.94160(33)#
 111.93562(11)
 112.933340(90)
 113.927980(12)
 114.926294(13)
 115.921581(14)
 116.920359(11)
 117.916179(11)
 118.915411(11)
 119.911784(13)
 120.911462(12)
 121.908368(12)
 122.908482(10)
 123.9058930(20)
 124.9063955(20)
 125.904274(7)
 126.905184(4)
 127.9035313(15)
 128.9047794(8)
 129.9035080(8)
 130.9050824(10)
 131.9041535(10)
 132.9059107(26)
 133.9053945(9)
 134.907227(5)
 135.907219(8)
 136.911562(8)
 137.913950(50)
 138.918793(22)
 139.921640(70)
 140.92665(10)
 141.92971(11)
 142.93511(21)#
 143.93851(32)#
 144.94407(32)#
 145.94775(43)#
 146.95356(43)#
 111.95030(33)#
 112.94449(11)
 113.94145(33)#
 114.93591(32)#
 115.93337(11)#
 116.928670(70)
 117.926559(14)
 118.922377(15)
 119.920677(11)
 120.917229(15)
 121.916110(30)
 122.912996(13)
 123.912258(9)
 124.909728(8)
 125.909452(13)
 126.907418(6)
 127.907749(6)
 128.906064(5)
 129.906709(9)
 130.905464(5)
 131.9064343(20)
 132.905451933(24)
 133.906718475(28)
 134.9059770(11)
 135.9073116(20)
 136.9070895(5)
 137.911017(10)
 138.913364(3)
 139.917282(9)
 140.920046(11)
 141.924299(11)
 142.927352(25)
 143.932077(28)
 144.935526(12)
 145.940290(80)
 146.944160(60)
 147.94922(62)
 148.95293(21)#
 149.95817(32)#
 150.96219(54)#
 113.95068(15)
 114.94737(64)#
 115.94138(43)#
 116.93850(32)#
 117.93304(21)#
 118.93066(21)
 119.92604(32)
 120.92405(15)
 121.919900(30)
 122.918781(13)
 123.915094(13)
 124.914473(12)
 125.911250(13)
 126.911094(12)
 127.908318(11)
 128.908679(12)
 129.9063208(30)
 130.906941(3)
 131.9050613(11)
 132.9060075(11)
 133.9045084(4)
 134.9056886(4)
 135.9045759(4)
 136.9058274(5)
 137.9052472(5)
 138.9088413(5)
 139.910605(9)
 140.914411(9)
 141.916453(7)
 142.920627(14)
 143.922953(14)
 144.927630(80)
 145.930220(80)
 146.93495(22)#
 147.937720(90)
 148.94258(21)#
 149.94568(43)#
 150.95081(43)#
 151.95427(54)#
 152.95961(86)#
 116.95007(43)#
 117.94673(32)#
 118.94099(43)#
 119.93807(54)#
 120.93301(54)#
 121.93071(32)#
 122.92624(21)#
 123.924570(60)
 124.920816(28)
 125.91951(10)
 126.916375(28)
 127.915590(60)
 128.912693(22)
 129.912369(28)
 130.910070(30)
 131.910100(40)
 132.908220(30)
 133.908514(21)
 134.906977(11)
 135.907640(60)
 136.906494(14)
 137.907112(4)
 138.9063533(26)
 139.9094776(26)
 140.910962(5)
 141.914079(6)
 142.916063(17)
 143.919600(50)
 144.92165(10)
 145.925790(80)
 146.928240(50)
 147.932230(60)
 148.93473(34)#
 149.93877(43)#
 150.94172(43)#
 151.94625(43)#
 152.94962(64)#
 153.95450(64)#
 154.95835(86)#
 118.95276(64)#
 119.94664(75)#
 120.94342(54)#
 121.93791(43)#
 122.93540(32)#
 123.93041(32)#
 124.92844(21)#
 125.923970(30)
 126.922730(60)
 127.918910(30)
 128.918100(30)
 129.914740(30)
 130.914420(40)
 131.911460(22)
 132.911515(18)
 133.908925(22)
 134.909151(12)
 135.907172(14)
 136.907806(14)
 137.905991(11)
 138.906653(8)
 139.9054387(26)
 140.9082763(26)
 141.909244(3)
 142.912386(3)
 143.913647(4)
 144.917230(40)
 145.918760(70)
 146.922670(30)
 147.924430(30)
 148.92840(10)
 149.930410(50)
 150.93398(11)
 151.93654(21)#
 152.94058(43)#
 153.94342(54)#
 154.94804(64)#
 155.95126(64)#
 156.95634(75)#
 120.95536(75)#
 121.95181(54)#
 122.94596(64)#
 123.94296(64)#
 124.93783(43)#
 125.93531(21)#
 126.93083(21)#
 127.928790(30)
 128.925100(30)
 129.923590(70)
 130.920260(60)
 131.919260(60)
 132.916331(13)
 133.915710(40)
 134.913112(13)
 135.912692(13)
 136.910705(13)
 137.910755(15)
 138.908938(8)
 139.909076(7)
 140.9076528(26)
 141.9100448(26)
 142.9108169(28)
 143.913305(4)
 144.914512(8)
 145.917640(70)
 146.918996(25)
 147.922135(28)
 148.923720(90)
 149.926673(28)
 150.928319(25)
 151.93150(13)
 152.93384(11)
 153.93752(16)
 154.94012(32)#
 155.94427(43)#
 156.94743(43)#
 157.95198(64)#
 158.95550(75)#
 123.95223(64)#
 124.94888(43)#
 125.94322(43)#
 126.94050(43)#
 127.93539(21)#
 128.93319(22)#
 129.928510(30)
 130.927250(30)
 131.923321(26)
 132.922350(50)
 133.918790(13)
 134.918181(21)
 135.914976(13)
 136.914567(12)
 137.911950(13)
 138.911978(28)
 139.909550(30)
 140.909610(4)
 141.9077233(25)
 142.9098143(25)
 143.9100873(25)
 144.9125736(25)
 145.9131169(25)
 146.9161004(25)
 147.916893(3)
 148.920149(3)
 149.920891(3)
 150.923829(3)
 151.924682(26)
 152.927698(29)
 153.92948(12)
 154.93293(16)#
 155.93502(22)
 156.93903(21)#
 157.94160(43)#
 158.94609(54)#
 159.94909(64)#
 160.95388(75)#
 125.95752(54)#
 126.95163(64)#
 127.94842(43)#
 128.94316(43)#
 129.94045(32)#
 130.93587(21)#
 131.93375(21)#
 132.929780(50)
 133.928350(60)
 134.924880(60)
 135.923570(80)
 136.920479(14)
 137.919548(30)
 138.916804(14)
 139.916040(40)
 140.913555(15)
 141.912874(27)
 142.910933(4)
 143.912591(3)
 144.912749(3)
 145.914696(5)
 146.9151385(26)
 147.917475(7)
 148.918334(4)
 149.920984(22)
 150.921207(6)
 151.923497(28)
 152.924117(12)
 153.926460(50)
 154.928100(30)
 155.931060(40)
 156.93304(12)
 157.93656(14)
 158.93897(21)#
 159.94299(32)#
 160.94586(54)#
 161.95029(75)#
 162.95368(86)#
 127.95808(54)#
 128.95464(54)#
 129.94892(43)#
 130.94611(32)#
 131.94069(32)#
 132.93867(21)#
 133.93397(21)#
 134.93252(17)
 135.928276(13)
 136.926970(50)
 137.923244(13)
 138.922297(12)
 139.918995(13)
 140.918476(9)
 141.915198(6)
 142.914628(4)
 143.911999(3)
 144.913410(3)
 145.913041(4)
 146.9148979(26)
 147.9148227(26)
 148.9171847(26)
 149.9172755(26)
 150.9199324(26)
 151.9197324(27)
 152.9220974(27)
 153.9222093(27)
 154.9246402(28)
 155.925528(10)
 156.928360(50)
 157.929990(80)
 158.93321(11)
 159.93514(21)#
 160.93883(32)#
 161.94122(54)#
 162.94536(75)#
 163.94828(86)#
 164.95298(97)#
 129.96357(54)#
 130.95775(43)#
 131.95437(43)#
 132.94924(32)#
 133.94651(21)#
 134.94182(32)#
 135.93960(21)#
 136.93557(21)#
 137.933710(30)
 138.929792(14)
 139.928090(60)
 140.924931(14)
 141.923430(30)
 142.920298(12)
 143.918817(12)
 144.916265(4)
 145.917206(7)
 146.916746(3)
 147.918086(11)
 148.917931(5)
 149.919702(7)
 150.9198502(26)
 151.9217445(26)
 152.9212303(26)
 153.9229792(26)
 154.9228933(27)
 155.924752(6)
 156.925424(6)
 157.927850(80)
 158.929089(8)
 159.93197(22)#
 160.93368(32)#
 161.93704(32)#
 162.93921(54)#
 163.94299(64)#
 164.94572(75)#
 165.94997(86)#
 166.95321(86)#
 133.95537(43)#
 134.95257(54)#
 135.94734(43)#
 136.94502(43)#
 137.94012(21)#
 138.93824(21)#
 139.933670(30)
 140.932126(21)
 141.928120(30)
 142.92675(22)
 143.922960(30)
 144.921709(20)
 145.918311(5)
 146.919094(3)
 147.918115(3)
 148.919341(4)
 149.918659(7)
 150.920348(4)
 151.9197910(27)
 152.9217495(27)
 153.9208656(27)
 154.9226220(27)
 155.9221227(27)
 156.9239601(27)
 157.9241039(27)
 158.9263887(27)
 159.9270541(27)
 160.9296692(29)
 161.930985(5)
 162.93399(32)#
 163.93586(43)#
 164.93938(54)#
 165.94160(64)#
 166.94557(64)#
 167.94836(75)#
 168.95287(86)#
 135.96138(64)#
 136.95598(64)#
 137.95316(43)#
 138.94829(32)#
 139.94581(86)
 140.94145(11)
 141.93874(32)#
 142.935120(60)
 143.933050(30)
 144.929270(60)
 145.927250(50)
 146.924045(13)
 147.924272(15)
 148.923246(5)
 149.923660(8)
 150.923103(5)
 151.924070(40)
 152.923435(5)
 153.924680(50)
 154.923505(13)
 155.924747(5)
 156.9240246(27)
 157.9254131(28)
 158.9253468(27)
 159.9271676(27)
 160.9275699(28)
 161.929490(40)
 162.930648(5)
 163.93335(11)
 164.93488(21)#
 165.93799(11)
 166.94005(43)#
 167.94364(54)#
 168.94622(64)#
 169.95025(75)#
 170.95330(86)#
 137.96249(64)#
 138.95954(54)#
 139.95401(54)#
 140.95135(32)#
 141.94637(39)#
 142.94383(21)#
 143.939250(30)
 144.937430(50)
 145.932845(29)
 146.931092(21)
 147.927150(11)
 148.927305(9)
 149.925585(5)
 150.926185(4)
 151.924718(6)
 152.925765(5)
 153.924424(8)
 154.925754(13)
 155.924283(7)
 156.925466(7)
 157.924409(4)
 158.9257392(29)
 159.9251975(27)
 160.9269334(27)
 161.9267984(27)
 162.9287312(27)
 163.9291748(27)
 164.9317033(27)
 165.9328067(28)
 166.935660(60)
 167.93713(15)
 168.94031(32)
 169.94239(21)#
 170.94620(32)#
 171.94876(43)#
 172.95300(54)#
 139.96854(54)#
 140.96310(54)#
 141.95977(54)#
 142.95461(43)#
 143.95148(32)#
 144.94720(32)#
 145.94464(21)#
 146.940060(30)
 147.93772(14)
 148.933775(20)
 149.933496(15)
 150.931688(13)
 151.931714(15)
 152.930199(6)
 153.930602(9)
 154.929103(19)
 155.929840(50)
 156.928256(26)
 157.928941(29)
 158.927712(4)
 159.928729(16)
 160.927855(3)
 161.929096(4)
 162.9287339(27)
 163.9302335(30)
 164.9303221(27)
 165.9322842(27)
 166.933133(6)
 167.935520(30)
 168.936872(22)
 169.939620(50)
 170.94147(64)
 171.94482(43)#
 172.94729(43)#
 173.95115(54)#
 174.95405(64)#
 142.96634(64)#
 143.96038(43)#
 144.95739(43)#
 145.95200(32)#
 146.94949(32)#
 147.94455(21)#
 148.942310(30)
 149.937914(18)
 150.937449(18)
 151.935050(11)
 152.935063(9)
 153.932783(6)
 154.933209(7)
 155.931065(26)
 156.931920(30)
 157.929893(27)
 158.930684(5)
 159.929083(26)
 160.929995(10)
 161.928778(4)
 162.930033(6)
 163.929200(3)
 164.930726(3)
 165.9302931(27)
 166.9320482(27)
 167.9323702(27)
 168.9345904(27)
 169.9354643(30)
 170.9380298(30)
 171.939356(5)
 172.94240(21)#
 173.94423(32)#
 174.94777(43)#
 175.95008(43)#
 176.95405(54)#
 144.97007(43)#
 145.96643(43)#
 146.96096(32)#
 147.95784(43)#
 148.95272(32)#
 149.94996(21)#
 150.945483(22)
 151.944420(80)
 152.942012(20)
 153.941568(15)
 154.939199(14)
 155.938980(17)
 156.936970(30)
 157.936980(27)
 158.934980(30)
 159.935260(40)
 160.933550(30)
 161.933995(28)
 162.932651(6)
 163.933560(30)
 164.932435(4)
 165.933554(13)
 166.9328516(29)
 167.934173(3)
 168.9342133(27)
 169.9358014(27)
 170.9364294(28)
 171.938400(6)
 172.939604(5)
 173.942170(50)
 174.943840(50)
 175.94699(11)
 176.94904(32)#
 177.95264(43)#
 178.95534(54)#
 147.96742(64)#
 148.96404(54)#
 149.95842(43)#
 150.95540(32)
 151.95029(22)
 152.94948(21)#
 153.946394(19)
 154.945782(18)
 155.942818(12)
 156.942628(11)
 157.939866(9)
 158.940050(20)
 159.937552(18)
 160.937902(17)
 161.935768(17)
 162.936334(17)
 163.934489(17)
 164.935280(30)
 165.933882(9)
 166.934950(5)
 167.933897(5)
 168.935190(5)
 169.9347618(26)
 170.9363258(26)
 171.9363815(26)
 172.9382108(26)
 173.9388621(26)
 174.9412765(26)
 175.9425717(28)
 176.9452608(28)
 177.946647(11)
 178.95017(32)#
 179.95233(43)#
 180.95615(43)#
 149.97323(54)#
 150.96758(43)#
 151.96412(21)#
 152.95877(22)
 153.95752(22)#
 154.954316(22)
 155.953030(80)
 156.950098(20)
 157.949313(16)
 158.946630(40)
 159.946030(60)
 160.943570(30)
 161.943280(80)
 162.941180(30)
 163.941340(30)
 164.939407(28)
 165.939860(30)
 166.938270(30)
 167.938740(50)
 168.937651(6)
 169.938475(18)
 170.9379131(30)
 171.939086(3)
 172.9389306(26)
 173.9403375(26)
 174.9407718(23)
 175.9426863(23)
 176.9437581(23)
 177.945955(3)
 178.947327(6)
 179.949880(80)
 180.95197(32)#
 181.95504(21)#
 182.95757(32)#
 183.96091(43)#
 152.97069(54)#
 153.96486(54)#
 154.96339(43)#
 155.95936(22)
 156.95840(21)#
 157.954799(19)
 158.953995(18)
 159.950684(12)
 160.950275(24)
 161.947210(10)
 162.947090(30)
 163.944367(22)
 164.944570(30)
 165.942180(30)
 166.942600(30)
 167.940570(30)
 168.941260(30)
 169.939610(30)
 170.940490(30)
 171.939448(26)
 172.940510(30)
 173.940046(3)
 174.941509(3)
 175.9414086(24)
 176.9432207(23)
 177.9436988(23)
 178.9458161(23)
 179.9465500(23)
 180.9491012(23)
 181.950554(7)
 182.953530(30)
 183.955450(40)
 184.95882(21)#
 185.96089(32)#
 186.96459(43)#
 187.96685(54)#
 154.97459(54)#
 155.97230(43)#
 156.96819(22)
 157.96670(22)#
 158.963018(22)
 159.96149(10)
 160.958420(60)#
 161.957290(60)
 162.954330(40)
 163.953530(30)
 164.950773(19)
 165.950510(30)
 166.948090(30)
 167.948050(30)
 168.946010(30)
 169.946180(30)
 170.944480(30)
 171.944900(30)
 172.943750(30)
 173.944450(30)
 174.943740(30)
 175.944860(30)
 176.944472(4)
 177.945778(16)
 178.9459295(23)
 179.9474648(24)
 180.9479958(19)
 181.9501518(19)
 182.9513726(19)
 183.954008(28)
 184.955559(15)
 185.958550(60)
 186.96053(21)#
 187.96370(21)#
 188.96583(32)#
 189.96923(43)#
 157.97456(54)#
 158.97292(43)#
 159.96848(22)
 160.96736(21)#
 161.963497(19)
 162.962520(60)
 163.958954(13)
 164.958280(27)
 165.955027(11)
 166.954816(21)
 167.951808(17)
 168.951779(17)
 169.949228(16)
 170.949450(30)
 171.947290(30)
 172.947690(30)
 173.946080(30)
 174.946720(30)
 175.945630(30)
 176.946640(30)
 177.945876(16)
 178.947070(17)
 179.946704(4)
 180.948197(5)
 181.9482042(9)
 182.9502230(9)
 183.9509312(9)
 184.9534193(10)
 185.9543641(19)
 186.9571605(19)
 187.958489(4)
 188.96191(21)
 189.96318(18)
 190.96660(21)#
 191.96817(64)#
 159.98212(43)#
 160.97759(22)
 161.97600(22)#
 162.972081(21)
 163.97032(17)#
 164.967089(30)
 165.965810(90)#
 166.962600(60)#
 167.961570(30)
 168.958790(30)
 169.958220(28)
 170.955720(30)
 171.955420(60)
 172.953240(30)
 173.953120(30)
 174.951380(30)
 175.951620(30)
 176.950330(30)
 177.950990(30)
 178.949988(26)
 179.950789(23)
 180.950068(14)
 181.95121(11)
 182.950820(9)
 183.952521(5)
 184.9529550(13)
 185.9549861(13)
 186.9557531(15)
 187.9581144(15)
 188.959229(9)
 189.96182(16)
 190.963125(11)
 191.96596(21)#
 192.96747(21)#
 193.97042(32)#
 161.98443(54)#
 162.98269(43)#
 163.97804(22)
 164.97676(22)#
 165.972691(20)
 166.971550(80)
 167.967804(13)
 168.967019(27)
 169.963577(12)
 170.963185(20)
 171.960023(16)
 172.959808(16)
 173.957062(12)
 174.956946(15)
 175.954810(30)
 176.954965(17)
 177.953251(18)
 178.953816(19)
 179.952379(22)
 180.953240(30)
 181.952110(23)
 182.953130(50)
 183.9524891(14)
 184.9540423(14)
 185.9538382(15)
 186.9557505(15)
 187.9558382(15)
 188.9581475(16)
 189.9584470(16)
 190.9609297(16)
 191.9614807(27)
 192.9641516(27)
 193.9651821(28)
 194.96813(54)
 195.969640(40)
 163.99220(44)#
 164.98752(23)#
 165.98582(22)#
 166.981665(20)
 167.97988(16)#
 168.976295(28)
 169.97497(11)#
 170.971630(40)
 171.97046(11)#
 172.967502(15)
 173.966861(30)
 174.964113(21)
 175.963649(22)
 176.961302(21)
 177.961082(21)
 178.959122(12)
 179.959229(23)
 180.957625(28)
 181.958076(23)
 182.956846(27)
 183.957480(30)
 184.956700(30)
 185.957946(18)
 186.957363(7)
 187.958853(8)
 188.958719(14)
 189.9605460(18)
 190.9605940(18)
 191.9626050(18)
 192.9629264(18)
 193.9650784(18)
 194.9659796(18)
 195.968400(40)
 196.969653(22)
 197.97228(21)#
 198.973800(40)
 165.99486(54)#
 166.99298(44)#
 167.98815(22)
 168.98672(22)#
 169.982495(20)
 170.981240(90)
 171.977347(14)
 172.976440(60)
 173.972819(13)
 174.972421(20)
 175.968945(15)
 176.968469(16)
 177.965649(12)
 178.965363(10)
 179.963031(12)
 180.963097(16)
 181.961171(17)
 182.961597(17)
 183.959922(19)
 184.960620(40)
 185.959351(23)
 186.960590(30)
 187.959395(6)
 188.960834(12)
 189.959932(6)
 190.961677(5)
 191.9610380(27)
 192.9629874(18)
 193.9626803(9)
 194.9647911(9)
 195.9649515(9)
 196.9673402(9)
 197.967893(3)
 198.970593(3)
 199.971441(22)
 200.974510(50)
 201.97574(32)#
 168.99808(32)#
 169.99612(22)#
 170.991879(28)
 171.99004(17)#
 172.986237(28)
 173.98476(11)#
 174.981270(50)
 175.98010(11)#
 176.976865(14)
 177.976030(60)
 178.973213(18)
 179.972521(23)
 180.970079(21)
 181.969618(22)
 182.967593(11)
 183.967452(24)
 184.965789(28)
 185.965953(23)
 186.964568(27)
 187.965324(22)
 188.963948(22)
 189.964700(17)
 190.963700(40)
 191.964813(17)
 192.964150(11)
 193.965365(11)
 194.9650346(14)
 195.966570(3)
 196.9665687(6)
 197.9682423(6)
 198.9687652(6)
 199.970730(50)
 200.971657(3)
 201.97381(18)
 202.975155(3)
 203.97772(22)#
 204.97987(32)#
 171.00376(32)#
 171.99883(22)
 172.99724(22)#
 173.992864(21)
 174.99142(11)
 175.987355(15)
 176.986280(80)
 177.982483(14)
 178.981834(29)
 179.978266(15)
 180.977819(17)
 181.974690(10)
 182.974450(9)
 183.971713(11)
 184.971899(17)
 185.969362(12)
 186.969814(15)
 187.967577(12)
 188.968190(40)
 189.966322(17)
 190.967157(24)
 191.965634(17)
 192.966665(17)
 193.965439(13)
 194.966720(25)
 195.965833(3)
 196.967213(3)
 197.9667690(4)
 198.9682799(4)
 199.9683260(4)
 200.9703023(6)
 201.9706430(6)
 202.9728725(18)
 203.9734939(4)
 204.976073(4)
 205.977514(22)
 206.98259(16)
 207.98594(32)#
 208.99104(21)#
 209.99451(32)#
 176.00059(21)#
 176.996427(27)
 177.99490(12)#
 178.991090(50)
 179.98991(13)#
 180.986257(10)
 181.985670(80)
 182.982193(10)
 183.981870(50)
 184.978790(60)
 185.97833(20)
 186.975906(9)
 187.976010(40)
 188.973588(12)
 189.973880(50)
 190.971786(8)
 191.972230(30)
 192.97067(12)
 193.97120(15)
 194.969774(15)
 195.970481(13)
 196.969575(18)
 197.970480(90)
 198.969880(30)
 199.970963(6)
 200.970819(16)
 201.972106(16)
 202.9723442(14)
 203.9738635(13)
 204.9744275(14)
 205.9761103(15)
 206.977419(6)
 207.9820187(21)
 208.985359(8)
 209.990074(12)
 210.99348(22)#
 211.99823(32)#
 178.003830(26)
 179.00215(21)#
 179.997918(22)
 180.99662(10)
 181.992672(15)
 182.991870(30)
 183.988142(15)
 184.987610(17)
 185.984239(12)
 186.983918(9)
 187.980874(11)
 188.980810(40)
 189.978082(13)
 190.978270(40)
 191.975785(14)
 192.976170(50)
 193.974012(19)
 194.974542(25)
 195.972774(15)
 196.973431(6)
 197.972034(16)
 198.972917(28)
 199.971827(12)
 200.972885(24)
 201.972159(9)
 202.973391(7)
 203.9730436(13)
 204.9744818(13)
 205.9744653(13)
 206.9758969(13)
 207.9766521(13)
 208.9810901(19)
 209.9841885(16)
 210.9887370(29)
 211.9918975(24)
 212.996581(8)
 213.9998054(26)
 215.00481(44)#
 184.00112(14)#
 184.997630(60)#
 185.996600(80)
 186.993158(16)
 187.992270(50)
 188.989200(60)
 189.98830(20)
 190.985786(8)
 191.985460(40)
 192.982960(10)
 193.982830(50)
 194.980651(6)
 195.980667(26)
 196.978864(9)
 197.979210(30)
 198.977672(13)
 199.978132(26)
 200.977009(16)
 201.977742(22)
 202.976876(23)
 203.977813(28)
 204.977389(8)
 205.978499(8)
 206.9784707(26)
 207.9797422(25)
 208.9803987(16)
 209.9841204(16)
 210.987269(6)
 211.9912857(21)
 212.994385(5)
 213.998712(12)
 215.001770(16)
 216.006306(12)
 217.00947(21)#
 218.01432(39)#
 187.999422(21)
 188.998481(24)
 189.995101(14)
 190.994574(12)
 191.991335(13)
 192.991030(40)
 193.988186(13)
 194.988110(40)
 195.985535(14)
 196.985660(50)
 197.983389(19)
 198.983666(25)
 199.981799(15)
 200.982260(6)
 201.980758(16)
 202.981420(28)
 203.980318(12)
 204.981203(21)
 205.980481(9)
 206.981593(7)
 207.9812457(19)
 208.9824304(20)
 209.9828737(13)
 210.9866532(14)
 211.9888680(13)
 212.992857(3)
 213.9952014(16)
 214.9994200(27)
 216.0019150(24)
 217.006335(7)
 218.0089730(26)
 219.01374(39)#
 220.01660(39)#
 192.999840(60)
 193.99873(20)
 194.996268(10)
 195.995790(60)
 196.993190(50)
 197.992840(50)
 198.990530(50)
 199.990351(26)
 200.988417(9)
 201.988630(30)
 202.986942(13)
 203.987251(26)
 204.986074(16)
 205.986667(22)
 206.985784(23)
 207.986590(28)
 208.986173(8)
 209.987148(8)
 210.9874963(30)
 211.990745(8)
 212.992937(5)
 213.996372(5)
 214.998653(7)
 216.002423(4)
 217.004719(5)
 218.008694(12)
 219.011162(4)
 220.015410(60)
 221.01805(21)#
 222.02233(32)#
 223.02519(43)#
 195.005440(50)
 196.002115(16)
 197.001580(70)
 197.998679(14)
 198.998370(70)
 199.995699(14)
 200.995630(80)
 201.993263(19)
 202.993387(25)
 203.991429(16)
 204.991720(50)
 205.990214(16)
 206.990734(28)
 207.989642(12)
 208.990415(21)
 209.989696(9)
 210.990601(7)
 211.990704(3)
 212.993883(6)
 213.995363(10)
 214.998745(8)
 216.000274(8)
 217.003928(5)
 218.0056013(25)
 219.0094802(27)
 220.0113940(24)
 221.015537(6)
 222.0175777(25)
 223.02179(32)#
 224.02409(32)#
 225.02844(32)#
 226.03089(43)#
 227.03541(45)#
 228.03799(44)#
 199.007260(40)
 200.006570(80)
 201.003860(80)
 202.003370(50)
 203.000925(17)
 204.000653(26)
 204.998594(8)
 205.998670(30)
 206.996950(50)
 207.997140(50)
 208.995954(16)
 209.996408(24)
 210.995537(23)
 211.996202(28)
 212.996189(8)
 213.998971(9)
 215.000341(8)
 216.003198(15)
 217.004632(7)
 218.007578(5)
 219.009252(8)
 220.012327(4)
 221.014255(5)
 222.017552(23)
 223.0197359(26)
 224.023250(50)
 225.025570(30)
 226.02939(11)
 227.03184(11)
 228.03573(22)#
 229.038450(40)
 230.04251(48)#
 231.04544(50)#
 232.04977(69)#
 202.009890(70)
 203.009270(90)
 204.006500(17)
 205.006270(90)
 206.003827(19)
 207.003800(60)
 208.001840(17)
 209.001990(50)
 210.000495(16)
 211.000898(28)
 211.999794(12)
 213.000384(22)
 214.000108(10)
 215.002720(8)
 216.003533(9)
 217.006320(9)
 218.007140(12)
 219.010085(9)
 220.011028(10)
 221.013917(5)
 222.015375(5)
 223.0185022(27)
 224.0202118(24)
 225.023612(3)
 226.0254098(25)
 227.0291778(25)
 228.0310703(26)
 229.034958(20)
 230.037056(13)
 231.04122(32)#
 232.04364(30)#
 233.04806(50)#
 234.05070(53)#
 206.014500(80)
 207.011950(60)
 208.011550(60)
 209.009490(50)
 210.009440(60)
 211.007730(80)
 212.007810(70)
 213.006610(60)
 214.006902(24)
 215.006454(23)
 216.008720(29)
 217.009347(14)
 218.011640(50)
 219.012420(50)
 220.014763(16)
 221.015590(50)
 222.017844(6)
 223.019137(8)
 224.021723(4)
 225.023230(5)
 226.026098(4)
 227.0277521(26)
 228.0310211(27)
 229.033020(40)
 230.03629(32)
 231.03856(11)
 232.04203(11)
 233.04455(32)#
 234.04842(43)#
 235.05123(38)#
 236.05530(54)#
 209.01772(11)
 210.015075(27)
 211.014930(80)
 212.012980(20)
 213.013010(80)
 214.011500(18)
 215.011730(29)
 216.011062(14)
 217.013114(22)
 218.013284(14)
 219.015540(50)
 220.015748(24)
 221.018184(10)
 222.018468(13)
 223.020811(10)
 224.021467(12)
 225.023951(5)
 226.024903(5)
 227.0277041(27)
 228.0287411(24)
 229.031762(3)
 230.0331338(19)
 231.0363043(19)
 232.0380553(21)
 233.0415818(21)
 234.043601(4)
 235.047510(50)
 236.04987(21)#
 237.05389(39)#
 238.05650(30)#
 212.023200(80)
 213.021110(80)
 214.020920(80)
 215.019190(90)
 216.019110(80)
 217.018320(60)
 218.020042(26)
 219.019880(60)
 220.021880(60)
 221.021880(60)
 222.023740(80)#
 223.023960(80)
 224.025626(17)
 225.026130(80)
 226.027948(12)
 227.028805(8)
 228.031051(5)
 229.0320968(30)
 230.034541(4)
 231.0358840(24)
 232.038592(8)
 233.0402473(23)
 234.043308(5)
 235.045440(50)
 236.04868(21)
 237.05115(11)
 238.054500(60)
 239.05726(21)#
 240.06098(32)#
 217.024370(90)
 218.023540(30)
 219.024920(60)
 220.02472(22)#
 221.02640(11)#
 222.02609(11)#
 223.027740(80)
 224.027605(27)
 225.029391(12)
 226.029339(14)
 227.031156(18)
 228.031374(16)
 229.033506(6)
 230.033940(5)
 231.036294(3)
 232.0371562(24)
 233.0396352(29)
 234.0409521(20)
 235.0439299(20)
 236.0455680(20)
 237.0487302(20)
 238.0507882(20)
 239.0542933(21)
 240.056592(6)
 241.06033(32)#
 242.06293(22)#
 225.033910(80)
 226.03515(10)#
 227.034960(80)
 228.03618(21)#
 229.036260(90)
 230.037830(60)
 231.038250(50)
 232.04011(11)#
 233.040740(50)
 234.042895(9)
 235.0440633(21)
 236.046570(50)
 237.0481734(20)
 238.0509464(20)
 239.0529390(22)
 240.056162(16)
 241.058250(80)
 242.06164(21)
 243.064280(30)#
 244.06785(32)#
 228.038740(30)
 229.040150(60)
 230.039650(16)
 231.041101(28)
 232.041187(19)
 233.043000(50)
 234.043317(7)
 235.045286(22)
 236.0460580(24)
 237.0484097(24)
 238.0495599(20)
 239.0521634(20)
 240.0538135(20)
 241.0568515(20)
 242.0587426(20)
 243.062003(3)
 244.064204(5)
 245.067747(15)
 246.070205(16)
 247.07407(32)#
 231.04556(32)#
 232.04659(32)#
 233.04635(11)#
 234.04781(22)#
 235.04795(13)#
 236.04958(11)#
 237.050000(60)#
 238.051980(50)
 239.0530245(26)
 240.055300(15)
 241.0568291(20)
 242.0595492(20)
 243.0613811(25)
 244.0642848(22)
 245.066452(4)
 246.069775(20)
 247.07209(11)#
 248.07575(22)#
 249.07848(32)#
 233.050770(80)
 234.050160(20)
 235.05143(22)#
 236.05141(22)#
 237.05290(22)#
 238.053030(40)
 239.05496(11)#
 240.0555295(25)
 241.0576530(23)
 242.0588358(20)
 243.0613891(22)
 244.0627526(20)
 245.0654912(22)
 246.0672237(22)
 247.070354(5)
 248.072349(5)
 249.075953(5)
 250.078357(12)
 251.082285(24)
 252.08487(32)#
 235.05658(43)#
 236.05733(43)#
 237.05700(24)#
 238.05828(31)#
 239.05828(25)#
 240.05976(16)#
 241.06023(22)#
 242.06198(22)#
 243.063008(5)
 244.065181(16)
 245.0663616(25)
 246.068670(60)
 247.070307(6)
 248.073090(80)#
 249.0749867(28)
 250.078317(4)
 251.080760(12)
 252.08431(22)#
 253.08688(39)#
 254.09060(32)#
 237.06207(54)#
 238.06141(43)#
 239.06242(23)#
 240.06230(22)#
 241.06373(27)#
 242.063700(40)
 243.06543(15)#
 244.066001(3)
 245.068049(3)
 246.0688053(22)
 247.071001(9)
 248.072185(6)
 249.0748535(24)
 250.0764061(22)
 251.079587(5)
 252.081626(5)
 253.085133(7)
 254.087323(13)
 255.09105(22)#
 256.09344(32)#
 240.06892(43)#
 241.06854(24)#
 242.06975(35)#
 243.06955(25)#
 244.07088(20)#
 245.07132(22)#
 246.07290(24)#
 247.073660(30)#
 248.075470(60)#
 249.076410(30)#
 250.07861(11)#
 251.079992(7)
 252.082980(50)
 253.0848247(28)
 254.088022(5)
 255.090273(12)
 256.09360(11)#
 257.09598(44)#
 258.09952(32)#
 242.07343(43)#
 243.07435(23)#
 244.07408(30)#
 245.07539(30)#
 246.075300(40)
 247.07685(15)#
 248.077195(13)
 249.07903(11)#
 250.079521(13)
 251.081575(9)
 252.082467(6)
 253.085185(4)
 254.0868542(30)
 255.089962(5)
 256.091773(8)
 257.095105(7)
 258.09708(22)#
 259.10060(30)#
 260.10268(54)#
 245.08083(35)#
 246.08189(35)#
 247.08164(35)#
 248.08282(26)#
 249.08301(24)#
 250.08442(32)#
 251.08484(22)#
 252.08656(21)#
 253.08728(22)#
 254.08966(11)#
 255.091083(7)
 256.094060(60)
 257.095541(3)
 258.098431(5)
 259.10051(22)#
 260.10365(34)#
 261.10572(70)#
 262.10887(63)#
 248.08660(32)#
 249.08783(37)#
 250.08751(22)#
 251.08901(19)#
 252.088977(14)
 253.09068(11)#
 254.090955(19)
 255.093241(11)
 256.094283(8)
 257.096877(23)
 258.09821(22)#
 259.10103(11)#
 260.10264(22)#
 261.10575(32)#
 262.10730(48)#
 263.11055(53)#
 264.11235(69)#
 251.09436(32)#
 252.09537(27)#
 253.09521(24)#
 254.09645(36)#
 255.09668(22)#
 256.09863(24)#
 257.09956(22)#
 258.10181(11)#
 259.102900(80)#
 260.10550(12)#
 261.10688(22)#
 262.10963(22)#
 263.11129(39)#
 264.11404(47)#
 265.11584(77)#
 266.11931(70)#
 253.10069(49)#
 254.10018(31)#
 255.10134(19)#
 256.101166(26)
 257.10299(11)#
 258.10349(22)#
 259.105640(80)#
 260.10644(22)#
 261.108770(30)
 262.10993(30)#
 263.11255(20)#
 264.11399(48)#
 265.11670(46)#
 266.11796(58)#
 267.12153(62)#
 268.12364(76)#
 255.10740(45)#
 256.10813(31)#
 257.10772(24)#
 258.10923(37)#
 259.10961(23)#
 260.11130(25)#
 261.11206(25)#
 262.11408(20)#
 263.11499(18)#
 264.11740(25)#
 265.11860(30)#
 266.12103(39)#
 267.12238(50)#
 268.12545(57)#
 269.12746(83)#
 270.13071(77)#
 258.11317(45)#
 259.11450(19)#
 260.114420(40)
 261.11612(14)#
 262.11640(30)#
 263.11832(13)#
 264.11893(30)#
 265.121110(60)
 266.12207(31)#
 267.12443(29)#
 268.12561(58)#
 269.12876(70)#
 270.13033(66)#
 271.13347(70)#
 272.13516(82)#
 273.13822(71)#
 260.12197(62)#
 261.12166(25)#
 262.12289(37)#
 263.12304(39)#
 264.12460(30)#
 265.12515(41)#
 266.12694(22)#
 267.12765(28)#
 268.12976(41)#
 269.13069(44)#
 270.13362(50)#
 271.13518(60)#
 272.13803(65)#
 273.13962(89)#
 274.14244(84)#
 275.14425(70)#
 263.12856(37)#
 264.128390(50)
 265.13009(15)#
 266.13010(31)#
 267.13179(11)#
 268.13216(44)#
 269.13406(13)#
 270.13465(31)#
 271.13766(36)#
 272.13905(62)#
 273.14199(89)#
 274.14313(70)#
 275.14595(77)#
 276.14721(89)#
 277.14984(78)#
 265.13615(50)#
 266.13730(37)#
 267.13731(58)#
 268.13873(34)#
 269.13906(59)#
 270.14066(58)#
 271.14114(61)#
 272.14374(52)#
 273.14491(55)#
 274.14749(60)#
 275.14865(64)#
 276.15116(73)#
 277.15242(95)#
 278.15481(90)#
 279.15619(77)#
 267.14434(39)#
 268.14380(54)#
 269.14512(15)#
 270.14472(31)#
 271.14606(11)#
 272.14632(70)#
 273.14886(14)#
 274.14949(53)#
 275.15218(48)#
 276.15303(65)#
 277.15565(104)#
 278.15647(73)#
 279.15886(80)#
 280.15980(91)#
 281.16206(78)#
 272.15362(36)#
 273.15368(65)#
 274.15571(66)#
 275.15614(74)#
 276.15849(67)#
 277.15952(66)#
 278.16160(68)#
 279.16247(71)#
 280.16447(80)#
 281.16537(100)#
 282.16749(95)#
 283.16842(84)#
 277.16394(14)#
 278.16431(57)#
 279.16655(53)#
 280.16704(69)#
 281.16929(106)#
 282.16977(76)#
 283.17179(83)#
 284.17238(91)#
 285.17411(78)#
 283.17645(78)#
 284.17808(86)#
 285.17873(105)#
 286.18048(101)#
 287.18105(90)#
 285.18370(111)#
 286.18386(83)#
 287.18560(83)#
 288.18569(91)#
 289.18728(79)#
 287.19119(85)#
 288.19249(92)#
 289.19272(110)#
 290.19414(106)#
 291.19438(95)#
 289.19886(117)#
 290.19859(91)#
 291.20001(91)#
 292.19979(92)#
 291.20656(95)#
 292.20755(101)#
 293.21467(129)#
