 1.00782503207
 2.0141017778
 3.0160492777
 4.02781
 5.03531
 6.04494
 7.05275
 3.0160293191
 4.00260325415
 5.012220
 6.0188891
 7.028021
 8.033922
 9.043950
 10.052400
 3.03078
 4.02719
 5.012540
 6.015122795
 7.01600455
 8.02248736
 9.0267895
 10.035481
 11.043798
 12.05378
 5.04079
 6.019726
 7.01692983
 8.00530510
 9.0121822
 10.0135338
 11.021658
 12.026921
 13.035690
 14.04289
 15.05346
 16.06192
 6.04681
 7.029920
 8.0246072
 9.0133288
 10.0129370
 11.0093054
 12.0143521
 13.0177802
 14.025404
 15.031103
 16.039810
 17.04699
 18.05617
 19.06373
 8.037675
 9.0310367
 10.0168532
 11.0114336
 12.0000000
 13.0033548378
 14.003241989
 15.0105993
 16.014701
 17.022586
 18.026760
 19.03481
 20.04032
 21.04934
 22.05720
 10.04165
 11.026090
 12.0186132
 13.00573861
 14.0030740048
 15.0001088982
 16.0061017
 17.008450
 18.014079
 19.017029
 20.023370
 21.02711
 22.03439
 23.04122
 24.05104
 25.06066
 12.034405
 13.024812
 14.00859625
 15.0030656
 15.99491461956
 16.99913170
 17.9991610
 19.003580
 20.0040767
 21.008656
 22.009970
 23.01569
 24.02047
 25.02946
 26.03834
 27.04826
 28.05781
 14.03506
 15.01801
 16.011466
 17.00209524
 18.0009380
 18.99840322
 19.99998132
 20.9999490
 22.002999
 23.003570
 24.008120
 25.01210
 26.01962
 27.02676
 28.03567
 29.04326
 30.05250
 31.06043
 16.025761
 17.017672
 18.0057082
 19.0018802
 19.9924401754
 20.99384668
 21.991385114
 22.99446690
 23.9936108
 24.997737
 26.000461
 27.00759
 28.01207
 29.01939
 30.02480
 31.03311
 32.04002
 33.04938
 34.05703
 18.025970
 19.013877
 20.007351
 20.9976552
 21.9944364
 22.9897692809
 23.99096278
 24.9899540
 25.992633
 26.994077
 27.998938
 29.002861
 30.008976
 31.01359
 32.02047
 33.02672
 34.03517
 35.04249
 36.05148
 37.05934
 19.03547
 20.018863
 21.011713
 21.9995738
 22.9941237
 23.985041700
 24.98583692
 25.982592929
 26.98434059
 27.9838768
 28.988600
 29.990434
 30.996546
 31.998975
 33.005254
 34.00946
 35.01734
 36.02300
 37.03140
 38.03757
 39.04677
 40.05393
 21.02804
 22.01952
 23.007267
 23.9999389
 24.9904281
 25.98689169
 26.98153863
 27.98191031
 28.9804450
 29.982960
 30.983947
 31.988120
 32.990840
 33.99685
 34.99986
 36.00621
 37.01068
 38.01723
 39.02297
 40.03145
 41.03833
 42.04689
 22.03453
 23.02552
 24.011546
 25.004106
 25.992330
 26.98670491
 27.9769265325
 28.976494700
 29.97377017
 30.97536323
 31.97414808
 32.978000
 33.978576
 34.984580
 35.98660
 36.99294
 37.99563
 39.00207
 40.00587
 41.01456
 42.01979
 43.02866
 44.03526
 24.03435
 25.02026
 26.01178
 26.999230
 27.992315
 28.9818006
 29.9783138
 30.97376163
 31.97390727
 32.9717255
 33.973636
 34.9733141
 35.978260
 36.979610
 37.98416
 38.98618
 39.99130
 40.99434
 42.00101
 43.00619
 44.01299
 45.01922
 46.02738
 26.02788
 27.01883
 28.00437
 28.996610
 29.984903
 30.9795547
 31.97207100
 32.97145876
 33.96786690
 34.96903216
 35.96708076
 36.97112557
 37.971163
 38.975130
 39.97545
 40.97958
 41.98102
 42.98715
 43.99021
 44.99651
 46.00075
 47.00859
 48.01417
 49.02362
 28.02851
 29.01411
 30.00477
 30.992410
 31.985690
 32.9774519
 33.97376282
 34.96885268
 35.96830698
 36.96590259
 37.96801043
 38.9680082
 39.970420
 40.970680
 41.97325
 42.97405
 43.97828
 44.98029
 45.98421
 46.98871
 47.99495
 49.00032
 50.00784
 51.01449
 30.02156
 31.01212
 31.9976380
 32.9899257
 33.9802712
 34.9752576
 35.967545106
 36.96677632
 37.9627324
 38.964313
 39.9623831225
 40.9645006
 41.963046
 42.965636
 43.9649240
 44.9680400
 45.968090
 46.97219
 47.97454
 48.98052
 49.98443
 50.99163
 51.99678
 53.00494
 32.02192
 33.00726
 33.99841
 34.988010
 35.981292
 36.97337589
 37.9690812
 38.96370668
 39.96399848
 40.96182576
 41.96240281
 42.960716
 43.961560
 44.960699
 45.961977
 46.961678
 47.965514
 48.967450
 49.97278
 50.97638
 51.98261
 52.98712
 53.99420
 54.99971
 34.01412
 35.00494
 35.993090
 36.985870
 37.976318
 38.9707197
 39.96259098
 40.96227806
 41.95861801
 42.9587666
 43.9554818
 44.9561866
 45.9536926
 46.9545460
 47.952534
 48.955674
 49.957519
 50.96150
 51.96510
 52.97005
 53.97435
 54.98055
 55.98557
 56.99236
 36.01492
 37.00305
 37.99470
 38.984790
 39.977967
 40.96925113
 41.96551643
 42.9611507
 43.9594028
 44.9559119
 45.9551719
 46.9524075
 47.952231
 48.950024
 49.952188
 50.953603
 51.95668
 52.95961
 53.96326
 54.96824
 55.97287
 56.97779
 57.98371
 58.98922
 59.99571
 38.00977
 39.00161
 39.99050
 40.98315
 41.973031
 42.968522
 43.9596901
 44.9581256
 45.9526316
 46.9517631
 47.9479463
 48.9478700
 49.9447912
 50.9466150
 51.946897
 52.94973
 53.95105
 54.95527
 55.95820
 56.96399
 57.96697
 58.97293
 59.97676
 60.98320
 61.98749
 62.99442
 40.01109
 40.99978
 41.99123
 42.98065
 43.97411
 44.965776
 45.9602005
 46.9549089
 47.9522537
 48.9485161
 49.9471585
 50.9439595
 51.9447755
 52.944338
 53.946440
 54.94723
 55.95053
 56.95256
 57.95683
 58.96021
 59.96503
 60.96848
 61.97378
 62.97755
 63.98347
 64.98792
 42.00643
 42.99771
 43.985550
 44.97964
 45.968359
 46.962900
 47.954032
 48.9513357
 49.9460442
 50.9447674
 51.9405075
 52.9406494
 53.9388804
 54.9408397
 55.9406531
 56.9436130
 57.94435
 58.94859
 59.95008
 60.95472
 61.95661
 62.96186
 63.96441
 64.97016
 65.97338
 66.97955
 44.00687
 44.99451
 45.98672
 46.97610
 47.96852
 48.959618
 49.9542382
 50.9482108
 51.9455655
 52.9412901
 53.9403589
 54.9380451
 55.9389049
 56.9382854
 57.939980
 58.940440
 59.942910
 60.94465
 61.94843
 62.95024
 63.95425
 64.95634
 65.96108
 66.96414
 67.96930
 68.97284
 45.01458
 46.00081
 46.99289
 47.980500
 48.97361
 49.962990
 50.956820
 51.948114
 52.9453079
 53.9396105
 54.9382934
 55.9349375
 56.9353940
 57.9332756
 58.9348755
 59.934072
 60.936745
 61.936767
 62.94037
 63.94120
 64.94538
 65.94678
 66.95095
 67.95370
 68.95878
 69.96146
 70.96672
 71.96962
 47.01149
 48.00176
 48.98972
 49.98154
 50.97072
 51.963590
 52.954219
 53.9484596
 54.9419990
 55.9398393
 56.9362914
 57.9357528
 58.9331950
 59.9338171
 60.9324758
 61.934051
 62.933612
 63.935810
 64.936478
 65.93976
 66.94089
 67.94487
 68.94632
 69.95100
 70.95290
 71.95781
 72.96024
 73.96538
 74.96833
 48.01975
 49.00966
 49.99593
 50.98772
 51.975680
 52.96847
 53.957910
 54.951330
 55.942132
 56.9397935
 57.9353429
 58.9343467
 59.9307864
 60.9310560
 61.9283451
 62.9296694
 63.9279660
 64.9300843
 65.9291393
 66.931569
 67.931869
 68.935610
 69.93650
 70.94074
 71.94209
 72.94647
 73.94807
 74.95287
 75.95533
 76.96055
 77.96318
 51.99718
 52.98555
 53.97671
 54.96605
 55.95856
 56.949211
 57.9445385
 58.9394980
 59.9373650
 60.9334578
 61.932584
 62.9295975
 63.9297642
 64.9277895
 65.9288688
 66.9277303
 67.9296109
 68.9294293
 69.9323923
 70.9326768
 71.9358203
 72.936675
 73.939875
 74.94190
 75.945275
 76.94785
 77.95196
 78.95456
 79.96087
 53.99295
 54.98398
 55.97238
 56.96479
 57.954590
 58.949260
 59.941827
 60.939511
 61.934330
 62.9332116
 63.9291422
 64.9292410
 65.9260334
 66.9271273
 67.9248442
 68.9265503
 69.9253193
 70.927722
 71.926858
 72.929780
 73.929460
 74.932940
 75.933290
 76.93696
 77.93844
 78.94265
 79.94434
 80.95048
 81.95442
 82.96103
 55.99491
 56.98293
 57.97425
 58.96337
 59.95706
 60.949450
 61.944175
 62.9392942
 63.9368387
 64.9327348
 65.931589
 66.9282017
 67.9279801
 68.9255736
 69.9260220
 70.9247013
 71.9263663
 72.9251747
 73.926946
 74.9265002
 75.9288276
 76.9291543
 77.9316082
 78.93289
 79.93652
 80.93775
 81.94299
 82.94698
 83.95265
 84.95700
 85.96312
 57.99101
 58.98175
 59.97019
 60.96379
 61.95465
 62.94964
 63.941650
 64.93944
 65.933840
 66.932734
 67.928094
 68.9279645
 69.9242474
 70.9249510
 71.9220758
 72.9234589
 73.9211778
 74.9228589
 75.9214026
 76.9235486
 77.922853
 78.92540
 79.925370
 80.92882
 81.92955
 82.93462
 83.93747
 84.94303
 85.94649
 86.95251
 87.95691
 88.96383
 59.99313
 60.98062
 61.97320
 62.96369
 63.95757
 64.94956
 65.94471
 66.93919
 67.936770
 68.932270
 69.930920
 70.927112
 71.926752
 72.923825
 73.9239287
 74.9215965
 75.9223940
 76.9206473
 77.921827
 78.920948
 79.922534
 80.922132
 81.92450
 82.92498
 83.92906
 84.93202
 85.93650
 86.93990
 87.94494
 88.94939
 89.95550
 90.96043
 91.96680
 64.96466
 65.95521
 66.95009
 67.941800
 68.939560
 69.933390
 70.932240
 71.927112
 72.926765
 73.9224764
 74.9225234
 75.9192136
 76.9199140
 77.9173091
 78.9184991
 79.9165213
 80.9179925
 81.9166994
 82.919118
 83.918462
 84.922250
 85.924272
 86.928520
 87.931420
 88.93645
 89.93996
 90.94596
 91.94992
 92.95629
 93.96049
 66.96479
 67.95852
 68.95011
 69.94479
 70.93874
 71.936640
 72.931690
 73.929891
 74.925776
 75.924541
 76.921379
 77.921146
 78.9183371
 79.9185293
 80.9162906
 81.9168041
 82.915180
 83.916479
 84.915608
 85.918798
 86.920711
 87.924070
 88.926390
 89.930630
 90.933970
 91.939260
 92.94305
 93.94868
 94.95287
 95.95853
 96.96280
 68.96518
 69.95526
 70.94963
 71.942092
 72.939289
 73.9330844
 74.930946
 75.925910
 76.9246700
 77.9203648
 78.920082
 79.9163790
 80.9165920
 81.9134836
 82.914136
 83.911507
 84.9125273
 85.91061073
 86.91335486
 87.914447
 88.917630
 89.919517
 90.923450
 91.926156
 92.93127
 93.93436
 94.93984
 95.94307
 96.94856
 97.95191
 98.95760
 99.96114
 70.96532
 71.95908
 72.95056
 73.944265
 74.938570
 75.9350722
 76.930408
 77.928141
 78.923989
 79.922519
 80.918996
 81.9182086
 82.915110
 83.914385
 84.911789738
 85.91116742
 86.909180527
 87.91131559
 88.912278
 89.914802
 90.916537
 91.919729
 92.922042
 93.926405
 94.929303
 95.934270
 96.937350
 97.941790
 98.94538
 99.94987
 100.95320
 101.95887
 72.96597
 73.95631
 74.94995
 75.941770
 76.937945
 77.932180
 78.929708
 79.924521
 80.923212
 81.918402
 82.917557
 83.913425
 84.912933
 85.9092602
 86.9088771
 87.9056121
 88.9074507
 89.907738
 90.910203
 91.911038
 92.914026
 93.915361
 94.919359
 95.921697
 96.926153
 97.928453
 98.933240
 99.93535
 100.94052
 101.94302
 102.94895
 103.95233
 104.95858
 75.95845
 76.949650
 77.94361
 78.93735
 79.93428
 80.929130
 81.92679
 82.922350
 83.92039
 84.916433
 85.914886
 86.9108757
 87.9095011
 88.9058483
 89.9071519
 90.907305
 91.908949
 92.909583
 93.911595
 94.912821
 95.915891
 96.918134
 97.922203
 98.924636
 99.927760
 100.93031
 101.933560
 102.93673
 103.94105
 104.94487
 105.94979
 106.95414
 107.95948
 77.95523
 78.94916
 79.94040
 80.93721
 81.93109
 82.92865
 83.92325
 84.92147
 85.916470
 86.914816
 87.910227
 88.908890
 89.9047044
 90.9056458
 91.9050408
 92.9064760
 93.9063152
 94.9080426
 95.9082734
 96.9109531
 97.912735
 98.916512
 99.917760
 100.921140
 101.922980
 102.92660
 103.92878
 104.93305
 105.93591
 106.94075
 107.94396
 108.94924
 109.95287
 80.94903
 81.94313
 82.93671
 83.93357
 84.92791
 85.925040
 86.920360
 87.91833
 88.913418
 89.911265
 90.906996
 91.907194
 92.9063781
 93.9072839
 94.9068358
 95.908101
 96.9080986
 97.910328
 98.911618
 99.914182
 100.915252
 101.918040
 102.919140
 103.92246
 104.92394
 105.92797
 106.93031
 107.93484
 108.93763
 109.94244
 110.94565
 111.95083
 112.95470
 82.94874
 83.94009
 84.93655
 85.93070
 86.92733
 87.921953
 88.919480
 89.913937
 90.911750
 91.906811
 92.906813
 93.9050883
 94.9058421
 95.9046795
 96.9060215
 97.9054082
 98.9077119
 99.907477
 100.910347
 101.910297
 102.913210
 103.913760
 104.916970
 105.918137
 106.92169
 107.92345
 108.92781
 109.92973
 110.93441
 111.93684
 112.94188
 113.94492
 114.95029
 84.94883
 85.94288
 86.93653
 87.93268
 88.92717
 89.92356
 90.91843
 91.915260
 92.910249
 93.909657
 94.907657
 95.907871
 96.906365
 97.907216
 98.9062547
 99.9076578
 100.907315
 101.909215
 102.909181
 103.911450
 104.911660
 105.914358
 106.91508
 107.91846
 108.91998
 109.923820
 110.92569
 111.92915
 112.93159
 113.93588
 114.93869
 115.94337
 116.94648
 117.95148
 86.94918
 87.94026
 88.93611
 89.92989
 90.92629
 91.92012
 92.917050
 93.911360
 94.910413
 95.907598
 96.907555
 97.905287
 98.9059393
 99.9042195
 100.9055821
 101.9043493
 102.9063238
 103.905433
 104.907753
 105.907329
 106.90991
 107.91017
 108.913200
 109.914140
 110.917700
 111.918970
 112.922490
 113.92428
 114.92869
 115.93081
 116.93558
 117.93782
 118.94284
 119.94531
 88.94884
 89.94287
 90.93655
 91.93198
 92.92574
 93.92170
 94.91590
 95.914461
 96.911340
 97.910708
 98.908132
 99.908122
 100.906164
 101.906843
 102.905504
 103.906656
 104.905694
 105.907287
 106.906748
 107.90873
 108.908737
 109.911140
 110.911590
 111.914390
 112.915530
 113.91881
 114.920330
 115.92406
 116.92598
 117.93007
 118.93211
 119.93641
 120.93872
 121.94321
 90.94911
 91.94042
 92.93591
 93.92877
 94.92469
 95.91816
 96.91648
 97.912721
 98.911768
 99.908506
 100.908289
 101.905609
 102.906087
 103.904036
 104.905085
 105.903486
 106.905133
 107.903892
 108.905950
 109.905153
 110.907671
 111.907314
 112.910150
 113.910363
 114.913680
 115.914160
 116.917840
 117.91898
 118.92311
 119.92469
 120.92887
 121.93055
 122.93493
 123.93688
 92.94978
 93.94278
 94.93548
 95.93068
 96.92397
 97.921570
 98.91760
 99.916100
 100.91280
 101.911690
 102.908973
 103.908629
 104.906529
 105.906669
 106.905097
 107.905956
 108.904752
 109.906107
 110.905291
 111.907005
 112.906567
 113.908804
 114.908760
 115.911360
 116.911680
 117.914580
 118.91567
 119.918790
 120.91985
 121.92353
 122.92490
 123.92864
 124.93043
 125.93450
 126.93677
 127.94117
 128.94369
 129.95045
 94.94987
 95.93977
 96.93494
 97.927400
 98.92501
 99.92029
 100.91868
 101.914460
 102.913419
 103.909849
 104.909468
 105.906459
 106.906618
 107.904184
 108.904982
 109.9030021
 110.9041781
 111.9027578
 112.9044017
 113.9033585
 114.9054310
 115.904756
 116.907219
 117.906915
 118.909920
 119.909850
 120.912980
 121.913330
 122.917000
 123.917650
 124.921250
 125.922350
 126.926440
 127.92776
 128.93215
 129.93390
 130.94067
 131.94555
 96.94954
 97.94214
 98.93422
 99.93111
 100.92634
 101.92409
 102.919914
 103.918300
 104.914674
 105.913465
 106.910295
 107.909698
 108.907151
 109.907165
 110.905103
 111.905532
 112.904058
 113.904914
 114.903878
 115.905260
 116.904514
 117.906354
 118.905845
 119.907960
 120.907846
 121.910280
 122.910438
 123.913180
 124.913600
 125.916460
 126.917350
 127.920170
 128.921700
 129.924970
 130.926850
 131.932990
 132.93781
 133.94415
 134.94933
 98.94933
 99.93904
 100.93606
 101.93030
 102.92810
 103.92314
 104.921350
 105.916880
 106.915640
 107.911925
 108.911283
 109.907843
 110.907734
 111.904818
 112.905171
 113.902779
 114.903342
 115.901741
 116.902952
 117.901603
 118.903308
 119.9021947
 120.9042355
 121.9034390
 122.9057208
 123.9052739
 124.9077841
 125.907653
 126.910360
 127.910537
 128.913480
 129.913967
 130.917000
 131.917816
 132.923830
 133.92829
 134.93473
 135.93934
 136.94599
 102.93969
 103.93647
 104.93149
 105.92879
 106.92415
 107.92216
 108.918132
 109.91675
 110.913160
 111.912398
 112.909372
 113.909270
 114.906598
 115.906794
 116.904836
 117.905529
 118.903942
 119.905072
 120.9038157
 121.9051737
 122.9042140
 123.9059357
 124.9052538
 125.907250
 126.906924
 127.909169
 128.909148
 129.911656
 130.911982
 131.914467
 132.915252
 133.920380
 134.92517
 135.93035
 136.93531
 137.94079
 138.94598
 104.94364
 105.93750
 106.93501
 107.92944
 108.927420
 109.922410
 110.921110
 111.91701
 112.915890
 113.912090
 114.911900
 115.908460
 116.908645
 117.905828
 118.906404
 119.904020
 120.904936
 121.9030439
 122.9042700
 123.9028179
 124.9044307
 125.9033117
 126.9052263
 127.9044631
 128.9065982
 129.9062244
 130.9085239
 131.908553
 132.910955
 133.911369
 134.91645
 135.920100
 136.92532
 137.92922
 138.93473
 139.93885
 140.94465
 141.94908
 107.94348
 108.93815
 109.93524
 110.93028
 111.92797
 112.923640
 113.92185
 114.918050
 115.91681
 116.913650
 117.913074
 118.910070
 119.910048
 120.907367
 121.907589
 122.905589
 123.9062099
 124.9046302
 125.905624
 126.904473
 127.905809
 128.904988
 129.906674
 130.9061246
 131.907997
 132.907797
 133.909744
 134.910048
 135.914650
 136.917871
 137.922350
 138.926100
 139.93100
 140.93503
 141.94018
 142.94456
 143.94999
 109.94428
 110.94160
 111.93562
 112.933340
 113.927980
 114.926294
 115.921581
 116.920359
 117.916179
 118.915411
 119.911784
 120.911462
 121.908368
 122.908482
 123.9058930
 124.9063955
 125.904274
 126.905184
 127.9035313
 128.9047794
 129.9035080
 130.9050824
 131.9041535
 132.9059107
 133.9053945
 134.907227
 135.907219
 136.911562
 137.913950
 138.918793
 139.921640
 140.92665
 141.92971
 142.93511
 143.93851
 144.94407
 145.94775
 146.95356
 111.95030
 112.94449
 113.94145
 114.93591
 115.93337
 116.928670
 117.926559
 118.922377
 119.920677
 120.917229
 121.916110
 122.912996
 123.912258
 124.909728
 125.909452
 126.907418
 127.907749
 128.906064
 129.906709
 130.905464
 131.9064343
 132.905451933
 133.906718475
 134.9059770
 135.9073116
 136.9070895
 137.911017
 138.913364
 139.917282
 140.920046
 141.924299
 142.927352
 143.932077
 144.935526
 145.940290
 146.944160
 147.94922
 148.95293
 149.95817
 150.96219
 113.95068
 114.94737
 115.94138
 116.93850
 117.93304
 118.93066
 119.92604
 120.92405
 121.919900
 122.918781
 123.915094
 124.914473
 125.911250
 126.911094
 127.908318
 128.908679
 129.9063208
 130.906941
 131.9050613
 132.9060075
 133.9045084
 134.9056886
 135.9045759
 136.9058274
 137.9052472
 138.9088413
 139.910605
 140.914411
 141.916453
 142.920627
 143.922953
 144.927630
 145.930220
 146.93495
 147.937720
 148.94258
 149.94568
 150.95081
 151.95427
 152.95961
 116.95007
 117.94673
 118.94099
 119.93807
 120.93301
 121.93071
 122.92624
 123.924570
 124.920816
 125.91951
 126.916375
 127.915590
 128.912693
 129.912369
 130.910070
 131.910100
 132.908220
 133.908514
 134.906977
 135.907640
 136.906494
 137.907112
 138.9063533
 139.9094776
 140.910962
 141.914079
 142.916063
 143.919600
 144.92165
 145.925790
 146.928240
 147.932230
 148.93473
 149.93877
 150.94172
 151.94625
 152.94962
 153.95450
 154.95835
 118.95276
 119.94664
 120.94342
 121.93791
 122.93540
 123.93041
 124.92844
 125.923970
 126.922730
 127.918910
 128.918100
 129.914740
 130.914420
 131.911460
 132.911515
 133.908925
 134.909151
 135.907172
 136.907806
 137.905991
 138.906653
 139.9054387
 140.9082763
 141.909244
 142.912386
 143.913647
 144.917230
 145.918760
 146.922670
 147.924430
 148.92840
 149.930410
 150.93398
 151.93654
 152.94058
 153.94342
 154.94804
 155.95126
 156.95634
 120.95536
 121.95181
 122.94596
 123.94296
 124.93783
 125.93531
 126.93083
 127.928790
 128.925100
 129.923590
 130.920260
 131.919260
 132.916331
 133.915710
 134.913112
 135.912692
 136.910705
 137.910755
 138.908938
 139.909076
 140.9076528
 141.9100448
 142.9108169
 143.913305
 144.914512
 145.917640
 146.918996
 147.922135
 148.923720
 149.926673
 150.928319
 151.93150
 152.93384
 153.93752
 154.94012
 155.94427
 156.94743
 157.95198
 158.95550
 123.95223
 124.94888
 125.94322
 126.94050
 127.93539
 128.93319
 129.928510
 130.927250
 131.923321
 132.922350
 133.918790
 134.918181
 135.914976
 136.914567
 137.911950
 138.911978
 139.909550
 140.909610
 141.9077233
 142.9098143
 143.9100873
 144.9125736
 145.9131169
 146.9161004
 147.916893
 148.920149
 149.920891
 150.923829
 151.924682
 152.927698
 153.92948
 154.93293
 155.93502
 156.93903
 157.94160
 158.94609
 159.94909
 160.95388
 125.95752
 126.95163
 127.94842
 128.94316
 129.94045
 130.93587
 131.93375
 132.929780
 133.928350
 134.924880
 135.923570
 136.920479
 137.919548
 138.916804
 139.916040
 140.913555
 141.912874
 142.910933
 143.912591
 144.912749
 145.914696
 146.9151385
 147.917475
 148.918334
 149.920984
 150.921207
 151.923497
 152.924117
 153.926460
 154.928100
 155.931060
 156.93304
 157.93656
 158.93897
 159.94299
 160.94586
 161.95029
 162.95368
 127.95808
 128.95464
 129.94892
 130.94611
 131.94069
 132.93867
 133.93397
 134.93252
 135.928276
 136.926970
 137.923244
 138.922297
 139.918995
 140.918476
 141.915198
 142.914628
 143.911999
 144.913410
 145.913041
 146.9148979
 147.9148227
 148.9171847
 149.9172755
 150.9199324
 151.9197324
 152.9220974
 153.9222093
 154.9246402
 155.925528
 156.928360
 157.929990
 158.93321
 159.93514
 160.93883
 161.94122
 162.94536
 163.94828
 164.95298
 129.96357
 130.95775
 131.95437
 132.94924
 133.94651
 134.94182
 135.93960
 136.93557
 137.933710
 138.929792
 139.928090
 140.924931
 141.923430
 142.920298
 143.918817
 144.916265
 145.917206
 146.916746
 147.918086
 148.917931
 149.919702
 150.9198502
 151.9217445
 152.9212303
 153.9229792
 154.9228933
 155.924752
 156.925424
 157.927850
 158.929089
 159.93197
 160.93368
 161.93704
 162.93921
 163.94299
 164.94572
 165.94997
 166.95321
 133.95537
 134.95257
 135.94734
 136.94502
 137.94012
 138.93824
 139.933670
 140.932126
 141.928120
 142.92675
 143.922960
 144.921709
 145.918311
 146.919094
 147.918115
 148.919341
 149.918659
 150.920348
 151.9197910
 152.9217495
 153.9208656
 154.9226220
 155.9221227
 156.9239601
 157.9241039
 158.9263887
 159.9270541
 160.9296692
 161.930985
 162.93399
 163.93586
 164.93938
 165.94160
 166.94557
 167.94836
 168.95287
 135.96138
 136.95598
 137.95316
 138.94829
 139.94581
 140.94145
 141.93874
 142.935120
 143.933050
 144.929270
 145.927250
 146.924045
 147.924272
 148.923246
 149.923660
 150.923103
 151.924070
 152.923435
 153.924680
 154.923505
 155.924747
 156.9240246
 157.9254131
 158.9253468
 159.9271676
 160.9275699
 161.929490
 162.930648
 163.93335
 164.93488
 165.93799
 166.94005
 167.94364
 168.94622
 169.95025
 170.95330
 137.96249
 138.95954
 139.95401
 140.95135
 141.94637
 142.94383
 143.939250
 144.937430
 145.932845
 146.931092
 147.927150
 148.927305
 149.925585
 150.926185
 151.924718
 152.925765
 153.924424
 154.925754
 155.924283
 156.925466
 157.924409
 158.9257392
 159.9251975
 160.9269334
 161.9267984
 162.9287312
 163.9291748
 164.9317033
 165.9328067
 166.935660
 167.93713
 168.94031
 169.94239
 170.94620
 171.94876
 172.95300
 139.96854
 140.96310
 141.95977
 142.95461
 143.95148
 144.94720
 145.94464
 146.940060
 147.93772
 148.933775
 149.933496
 150.931688
 151.931714
 152.930199
 153.930602
 154.929103
 155.929840
 156.928256
 157.928941
 158.927712
 159.928729
 160.927855
 161.929096
 162.9287339
 163.9302335
 164.9303221
 165.9322842
 166.933133
 167.935520
 168.936872
 169.939620
 170.94147
 171.94482
 172.94729
 173.95115
 174.95405
 142.96634
 143.96038
 144.95739
 145.95200
 146.94949
 147.94455
 148.942310
 149.937914
 150.937449
 151.935050
 152.935063
 153.932783
 154.933209
 155.931065
 156.931920
 157.929893
 158.930684
 159.929083
 160.929995
 161.928778
 162.930033
 163.929200
 164.930726
 165.9302931
 166.9320482
 167.9323702
 168.9345904
 169.9354643
 170.9380298
 171.939356
 172.94240
 173.94423
 174.94777
 175.95008
 176.95405
 144.97007
 145.96643
 146.96096
 147.95784
 148.95272
 149.94996
 150.945483
 151.944420
 152.942012
 153.941568
 154.939199
 155.938980
 156.936970
 157.936980
 158.934980
 159.935260
 160.933550
 161.933995
 162.932651
 163.933560
 164.932435
 165.933554
 166.9328516
 167.934173
 168.9342133
 169.9358014
 170.9364294
 171.938400
 172.939604
 173.942170
 174.943840
 175.94699
 176.94904
 177.95264
 178.95534
 147.96742
 148.96404
 149.95842
 150.95540
 151.95029
 152.94948
 153.946394
 154.945782
 155.942818
 156.942628
 157.939866
 158.940050
 159.937552
 160.937902
 161.935768
 162.936334
 163.934489
 164.935280
 165.933882
 166.934950
 167.933897
 168.935190
 169.9347618
 170.9363258
 171.9363815
 172.9382108
 173.9388621
 174.9412765
 175.9425717
 176.9452608
 177.946647
 178.95017
 179.95233
 180.95615
 149.97323
 150.96758
 151.96412
 152.95877
 153.95752
 154.954316
 155.953030
 156.950098
 157.949313
 158.946630
 159.946030
 160.943570
 161.943280
 162.941180
 163.941340
 164.939407
 165.939860
 166.938270
 167.938740
 168.937651
 169.938475
 170.9379131
 171.939086
 172.9389306
 173.9403375
 174.9407718
 175.9426863
 176.9437581
 177.945955
 178.947327
 179.949880
 180.95197
 181.95504
 182.95757
 183.96091
 152.97069
 153.96486
 154.96339
 155.95936
 156.95840
 157.954799
 158.953995
 159.950684
 160.950275
 161.947210
 162.947090
 163.944367
 164.944570
 165.942180
 166.942600
 167.940570
 168.941260
 169.939610
 170.940490
 171.939448
 172.940510
 173.940046
 174.941509
 175.9414086
 176.9432207
 177.9436988
 178.9458161
 179.9465500
 180.9491012
 181.950554
 182.953530
 183.955450
 184.95882
 185.96089
 186.96459
 187.96685
 154.97459
 155.97230
 156.96819
 157.96670
 158.963018
 159.96149
 160.958420
 161.957290
 162.954330
 163.953530
 164.950773
 165.950510
 166.948090
 167.948050
 168.946010
 169.946180
 170.944480
 171.944900
 172.943750
 173.944450
 174.943740
 175.944860
 176.944472
 177.945778
 178.9459295
 179.9474648
 180.9479958
 181.9501518
 182.9513726
 183.954008
 184.955559
 185.958550
 186.96053
 187.96370
 188.96583
 189.96923
 157.97456
 158.97292
 159.96848
 160.96736
 161.963497
 162.962520
 163.958954
 164.958280
 165.955027
 166.954816
 167.951808
 168.951779
 169.949228
 170.949450
 171.947290
 172.947690
 173.946080
 174.946720
 175.945630
 176.946640
 177.945876
 178.947070
 179.946704
 180.948197
 181.9482042
 182.9502230
 183.9509312
 184.9534193
 185.9543641
 186.9571605
 187.958489
 188.96191
 189.96318
 190.96660
 191.96817
 159.98212
 160.97759
 161.97600
 162.972081
 163.97032
 164.967089
 165.965810
 166.962600
 167.961570
 168.958790
 169.958220
 170.955720
 171.955420
 172.953240
 173.953120
 174.951380
 175.951620
 176.950330
 177.950990
 178.949988
 179.950789
 180.950068
 181.95121
 182.950820
 183.952521
 184.9529550
 185.9549861
 186.9557531
 187.9581144
 188.959229
 189.96182
 190.963125
 191.96596
 192.96747
 193.97042
 161.98443
 162.98269
 163.97804
 164.97676
 165.972691
 166.971550
 167.967804
 168.967019
 169.963577
 170.963185
 171.960023
 172.959808
 173.957062
 174.956946
 175.954810
 176.954965
 177.953251
 178.953816
 179.952379
 180.953240
 181.952110
 182.953130
 183.9524891
 184.9540423
 185.9538382
 186.9557505
 187.9558382
 188.9581475
 189.9584470
 190.9609297
 191.9614807
 192.9641516
 193.9651821
 194.96813
 195.969640
 163.99220
 164.98752
 165.98582
 166.981665
 167.97988
 168.976295
 169.97497
 170.971630
 171.97046
 172.967502
 173.966861
 174.964113
 175.963649
 176.961302
 177.961082
 178.959122
 179.959229
 180.957625
 181.958076
 182.956846
 183.957480
 184.956700
 185.957946
 186.957363
 187.958853
 188.958719
 189.9605460
 190.9605940
 191.9626050
 192.9629264
 193.9650784
 194.9659796
 195.968400
 196.969653
 197.97228
 198.973800
 165.99486
 166.99298
 167.98815
 168.98672
 169.982495
 170.981240
 171.977347
 172.976440
 173.972819
 174.972421
 175.968945
 176.968469
 177.965649
 178.965363
 179.963031
 180.963097
 181.961171
 182.961597
 183.959922
 184.960620
 185.959351
 186.960590
 187.959395
 188.960834
 189.959932
 190.961677
 191.9610380
 192.9629874
 193.9626803
 194.9647911
 195.9649515
 196.9673402
 197.967893
 198.970593
 199.971441
 200.974510
 201.97574
 168.99808
 169.99612
 170.991879
 171.99004
 172.986237
 173.98476
 174.981270
 175.98010
 176.976865
 177.976030
 178.973213
 179.972521
 180.970079
 181.969618
 182.967593
 183.967452
 184.965789
 185.965953
 186.964568
 187.965324
 188.963948
 189.964700
 190.963700
 191.964813
 192.964150
 193.965365
 194.9650346
 195.966570
 196.9665687
 197.9682423
 198.9687652
 199.970730
 200.971657
 201.97381
 202.975155
 203.97772
 204.97987
 171.00376
 171.99883
 172.99724
 173.992864
 174.99142
 175.987355
 176.986280
 177.982483
 178.981834
 179.978266
 180.977819
 181.974690
 182.974450
 183.971713
 184.971899
 185.969362
 186.969814
 187.967577
 188.968190
 189.966322
 190.967157
 191.965634
 192.966665
 193.965439
 194.966720
 195.965833
 196.967213
 197.9667690
 198.9682799
 199.9683260
 200.9703023
 201.9706430
 202.9728725
 203.9734939
 204.976073
 205.977514
 206.98259
 207.98594
 208.99104
 209.99451
 176.00059
 176.996427
 177.99490
 178.991090
 179.98991
 180.986257
 181.985670
 182.982193
 183.981870
 184.978790
 185.97833
 186.975906
 187.976010
 188.973588
 189.973880
 190.971786
 191.972230
 192.97067
 193.97120
 194.969774
 195.970481
 196.969575
 197.970480
 198.969880
 199.970963
 200.970819
 201.972106
 202.9723442
 203.9738635
 204.9744275
 205.9761103
 206.977419
 207.9820187
 208.985359
 209.990074
 210.99348
 211.99823
 178.003830
 179.00215
 179.997918
 180.99662
 181.992672
 182.991870
 183.988142
 184.987610
 185.984239
 186.983918
 187.980874
 188.980810
 189.978082
 190.978270
 191.975785
 192.976170
 193.974012
 194.974542
 195.972774
 196.973431
 197.972034
 198.972917
 199.971827
 200.972885
 201.972159
 202.973391
 203.9730436
 204.9744818
 205.9744653
 206.9758969
 207.9766521
 208.9810901
 209.9841885
 210.9887370
 211.9918975
 212.996581
 213.9998054
 215.00481
 184.00112
 184.997630
 185.996600
 186.993158
 187.992270
 188.989200
 189.98830
 190.985786
 191.985460
 192.982960
 193.982830
 194.980651
 195.980667
 196.978864
 197.979210
 198.977672
 199.978132
 200.977009
 201.977742
 202.976876
 203.977813
 204.977389
 205.978499
 206.9784707
 207.9797422
 208.9803987
 209.9841204
 210.987269
 211.9912857
 212.994385
 213.998712
 215.001770
 216.006306
 217.00947
 218.01432
 187.999422
 188.998481
 189.995101
 190.994574
 191.991335
 192.991030
 193.988186
 194.988110
 195.985535
 196.985660
 197.983389
 198.983666
 199.981799
 200.982260
 201.980758
 202.981420
 203.980318
 204.981203
 205.980481
 206.981593
 207.9812457
 208.9824304
 209.9828737
 210.9866532
 211.9888680
 212.992857
 213.9952014
 214.9994200
 216.0019150
 217.006335
 218.0089730
 219.01374
 220.01660
 192.999840
 193.99873
 194.996268
 195.995790
 196.993190
 197.992840
 198.990530
 199.990351
 200.988417
 201.988630
 202.986942
 203.987251
 204.986074
 205.986667
 206.985784
 207.986590
 208.986173
 209.987148
 210.9874963
 211.990745
 212.992937
 213.996372
 214.998653
 216.002423
 217.004719
 218.008694
 219.011162
 220.015410
 221.01805
 222.02233
 223.02519
 195.005440
 196.002115
 197.001580
 197.998679
 198.998370
 199.995699
 200.995630
 201.993263
 202.993387
 203.991429
 204.991720
 205.990214
 206.990734
 207.989642
 208.990415
 209.989696
 210.990601
 211.990704
 212.993883
 213.995363
 214.998745
 216.000274
 217.003928
 218.0056013
 219.0094802
 220.0113940
 221.015537
 222.0175777
 223.02179
 224.02409
 225.02844
 226.03089
 227.03541
 228.03799
 199.007260
 200.006570
 201.003860
 202.003370
 203.000925
 204.000653
 204.998594
 205.998670
 206.996950
 207.997140
 208.995954
 209.996408
 210.995537
 211.996202
 212.996189
 213.998971
 215.000341
 216.003198
 217.004632
 218.007578
 219.009252
 220.012327
 221.014255
 222.017552
 223.0197359
 224.023250
 225.025570
 226.02939
 227.03184
 228.03573
 229.038450
 230.04251
 231.04544
 232.04977
 202.009890
 203.009270
 204.006500
 205.006270
 206.003827
 207.003800
 208.001840
 209.001990
 210.000495
 211.000898
 211.999794
 213.000384
 214.000108
 215.002720
 216.003533
 217.006320
 218.007140
 219.010085
 220.011028
 221.013917
 222.015375
 223.0185022
 224.0202118
 225.023612
 226.0254098
 227.0291778
 228.0310703
 229.034958
 230.037056
 231.04122
 232.04364
 233.04806
 234.05070
 206.014500
 207.011950
 208.011550
 209.009490
 210.009440
 211.007730
 212.007810
 213.006610
 214.006902
 215.006454
 216.008720
 217.009347
 218.011640
 219.012420
 220.014763
 221.015590
 222.017844
 223.019137
 224.021723
 225.023230
 226.026098
 227.0277521
 228.0310211
 229.033020
 230.03629
 231.03856
 232.04203
 233.04455
 234.04842
 235.05123
 236.05530
 209.01772
 210.015075
 211.014930
 212.012980
 213.013010
 214.011500
 215.011730
 216.011062
 217.013114
 218.013284
 219.015540
 220.015748
 221.018184
 222.018468
 223.020811
 224.021467
 225.023951
 226.024903
 227.0277041
 228.0287411
 229.031762
 230.0331338
 231.0363043
 232.0380553
 233.0415818
 234.043601
 235.047510
 236.04987
 237.05389
 238.05650
 212.023200
 213.021110
 214.020920
 215.019190
 216.019110
 217.018320
 218.020042
 219.019880
 220.021880
 221.021880
 222.023740
 223.023960
 224.025626
 225.026130
 226.027948
 227.028805
 228.031051
 229.0320968
 230.034541
 231.0358840
 232.038592
 233.0402473
 234.043308
 235.045440
 236.04868
 237.05115
 238.054500
 239.05726
 240.06098
 217.024370
 218.023540
 219.024920
 220.02472
 221.02640
 222.02609
 223.027740
 224.027605
 225.029391
 226.029339
 227.031156
 228.031374
 229.033506
 230.033940
 231.036294
 232.0371562
 233.0396352
 234.0409521
 235.0439299
 236.0455680
 237.0487302
 238.0507882
 239.0542933
 240.056592
 241.06033
 242.06293
 225.033910
 226.03515
 227.034960
 228.03618
 229.036260
 230.037830
 231.038250
 232.04011
 233.040740
 234.042895
 235.0440633
 236.046570
 237.0481734
 238.0509464
 239.0529390
 240.056162
 241.058250
 242.06164
 243.064280
 244.06785
 228.038740
 229.040150
 230.039650
 231.041101
 232.041187
 233.043000
 234.043317
 235.045286
 236.0460580
 237.0484097
 238.0495599
 239.0521634
 240.0538135
 241.0568515
 242.0587426
 243.062003
 244.064204
 245.067747
 246.070205
 247.07407
 231.04556
 232.04659
 233.04635
 234.04781
 235.04795
 236.04958
 237.050000
 238.051980
 239.0530245
 240.055300
 241.0568291
 242.0595492
 243.0613811
 244.0642848
 245.066452
 246.069775
 247.07209
 248.07575
 249.07848
 233.050770
 234.050160
 235.05143
 236.05141
 237.05290
 238.053030
 239.05496
 240.0555295
 241.0576530
 242.0588358
 243.0613891
 244.0627526
 245.0654912
 246.0672237
 247.070354
 248.072349
 249.075953
 250.078357
 251.082285
 252.08487
 235.05658
 236.05733
 237.05700
 238.05828
 239.05828
 240.05976
 241.06023
 242.06198
 243.063008
 244.065181
 245.0663616
 246.068670
 247.070307
 248.073090
 249.0749867
 250.078317
 251.080760
 252.08431
 253.08688
 254.09060
 237.06207
 238.06141
 239.06242
 240.06230
 241.06373
 242.063700
 243.06543
 244.066001
 245.068049
 246.0688053
 247.071001
 248.072185
 249.0748535
 250.0764061
 251.079587
 252.081626
 253.085133
 254.087323
 255.09105
 256.09344
 240.06892
 241.06854
 242.06975
 243.06955
 244.07088
 245.07132
 246.07290
 247.073660
 248.075470
 249.076410
 250.07861
 251.079992
 252.082980
 253.0848247
 254.088022
 255.090273
 256.09360
 257.09598
 258.09952
 242.07343
 243.07435
 244.07408
 245.07539
 246.075300
 247.07685
 248.077195
 249.07903
 250.079521
 251.081575
 252.082467
 253.085185
 254.0868542
 255.089962
 256.091773
 257.095105
 258.09708
 259.10060
 260.10268
 245.08083
 246.08189
 247.08164
 248.08282
 249.08301
 250.08442
 251.08484
 252.08656
 253.08728
 254.08966
 255.091083
 256.094060
 257.095541
 258.098431
 259.10051
 260.10365
 261.10572
 262.10887
 248.08660
 249.08783
 250.08751
 251.08901
 252.088977
 253.09068
 254.090955
 255.093241
 256.094283
 257.096877
 258.09821
 259.10103
 260.10264
 261.10575
 262.10730
 263.11055
 264.11235
 251.09436
 252.09537
 253.09521
 254.09645
 255.09668
 256.09863
 257.09956
 258.10181
 259.102900
 260.10550
 261.10688
 262.10963
 263.11129
 264.11404
 265.11584
 266.11931
 253.10069
 254.10018
 255.10134
 256.101166
 257.10299
 258.10349
 259.105640
 260.10644
 261.108770
 262.10993
 263.11255
 264.11399
 265.11670
 266.11796
 267.12153
 268.12364
 255.10740
 256.10813
 257.10772
 258.10923
 259.10961
 260.11130
 261.11206
 262.11408
 263.11499
 264.11740
 265.11860
 266.12103
 267.12238
 268.12545
 269.12746
 270.13071
 258.11317
 259.11450
 260.114420
 261.11612
 262.11640
 263.11832
 264.11893
 265.121110
 266.12207
 267.12443
 268.12561
 269.12876
 270.13033
 271.13347
 272.13516
 273.13822
 260.12197
 261.12166
 262.12289
 263.12304
 264.12460
 265.12515
 266.12694
 267.12765
 268.12976
 269.13069
 270.13362
 271.13518
 272.13803
 273.13962
 274.14244
 275.14425
 263.12856
 264.128390
 265.13009
 266.13010
 267.13179
 268.13216
 269.13406
 270.13465
 271.13766
 272.13905
 273.14199
 274.14313
 275.14595
 276.14721
 277.14984
 265.13615
 266.13730
 267.13731
 268.13873
 269.13906
 270.14066
 271.14114
 272.14374
 273.14491
 274.14749
 275.14865
 276.15116
 277.15242
 278.15481
 279.15619
 267.14434
 268.14380
 269.14512
 270.14472
 271.14606
 272.14632
 273.14886
 274.14949
 275.15218
 276.15303
 277.15565
 278.15647
 279.15886
 280.15980
 281.16206
 272.15362
 273.15368
 274.15571
 275.15614
 276.15849
 277.15952
 278.16160
 279.16247
 280.16447
 281.16537
 282.16749
 283.16842
 277.16394
 278.16431
 279.16655
 280.16704
 281.16929
 282.16977
 283.17179
 284.17238
 285.17411
 283.17645
 284.17808
 285.17873
 286.18048
 287.18105
 285.18370
 286.18386
 287.18560
 288.18569
 289.18728
 287.19119
 288.19249
 289.19272
 290.19414
 291.19438
 289.19886
 290.19859
 291.20001
 292.19979
 291.20656
 292.20755
 293.21467
